1681819
1703985
1801799
1783535
1874533
1948736
1820728
1922840
1620749
1782422
1625208
1892434
1867495
1791156
1809625
1638354
1644327
2040307
2016072
1745177
1752913
1733295
1715323
1752784
1856277
1896060
1772421
1755862
1701679
1810107
1758587
1827622
1765780
1766981
1808361
1891953
1848510
1711925
1760605
1649281
1636123
2007190
1873066
1852560
1838061
1759920
1889596
1982269
1717744
1722451
1802938
1710725
1716189
1839729
1711786
1740876
1717661
1746705
1717016
1843246
1736811
1822134
1820009
1687892
1740319
1747579
1801727
1785150
1700754
1816560
1995053
1785927
1811303
1756215
1753273
1756873
1879427
1773944
1773868
1769186
1698471
1776923
1874461
1948823
1896138
1664905
1676010
1792555
1657820
1647389
1629131
1752953
1746037
1737845
1843844
1741688
1828528
1650400
1770176
1824654
