111170585
107710574
113778110
118291007
107186744
105004397
114791665
113880153
110753201
110721043
117865346
115578766
113699344
104619414
115376241
109778201
114266770
111094027
108729655
108807250
109793819
109919488
112121729
108363108
112655637
108357087
107781877
114771970
114575136
112347249
111802512
110475764
112756204
111466239
111973514
111068212
113705414
112181634
113792207
111682025
111905111
111586516
110375779
110339213
110458945
109522632
112634212
111536900
115038540
111069417
112882626
112159043
113132264
113326672
112348902
102163111
106446371
108953392
106412405
104515256
110410079
115501766
105581673
104998046
106435628
105179429
108862041
107031382
107157764
107226820
113995734
114262190
114512463
114765195
104289863
104301971
104264252
105973844
106314535
103315756
104318144
105932854
108289829
105600077
106047075
104385112
104858923
104925441
108022341
105395939
104064620
102790416
106232525
105006448
106512613
105352887
107623699
108198809
105900033
106246202
