1629048
1584620
1625389
1758711
1670180
1639599
1575971
1408534
1451521
1424851
1439151
1413594
1444079
1418786
1535148
1497814
1765911
1419984
1489767
1527930
1385427
1568681
1462060
1557858
1731092
1519748
1458281
1557814
1763052
1617861
1675306
1648038
1661737
1692359
1758776
1472355
1553060
1503471
1668379
1689397
1482356
1853705
1760246
1561746
1613192
1658529
1725001
1534760
1616641
1551812
1356553
1357866
1490238
1408988
1472181
1479845
1570136
1537065
1412899
1467546
1497974
1632663
1405160
1482970
1523237
1468889
1518040
1610087
1648412
1456415
1454345
1656495
1610711
2156093
1382367
1699151
1656691
1691932
1835221
1597894
1423600
2196307
1478400
1435025
1429554
1777377
1407596
1398162
1655375
1477748
1418906
1423192
2167136
1389502
1411070
1364133
1499525
1378982
1435178
1366726
