148878
139418
127605
131899
130200
122861
123620
126146
135018
126856
130782
125728
171303
145615
149559
172271
174542
177965
172777
185420
181108
180516
179575
212164
214889
288535
210536
269627
201173
196121
195180
200239
196158
205893
199031
320468
143397
134641
132075
134948
173335
234786
198446
198534
187360
176214
194347
222907
238969
240160
139286
135103
138566
134185
127927
139023
134117
138249
132167
138593
169689
182234
178725
165338
141435
140787
134100
135009
197014
153864
127435
128918
131111
159825
163447
155343
153822
161627
160245
161698
166887
164630
128107
133405
126711
169102
152889
159788
160211
110510
112627
111797
107613
170090
165349
167646
188696
201539
208850
127771
