3535033
3442883
3381795
3534017
3507915
3643479
3352773
3647947
3334366
3645004
3210950
3517702
3284140
3553476
3556828
3323437
3663687
3857535
3454973
3790511
3344654
3664549
3499600
3232466
3672614
3573301
3323706
3608294
3804433
3373863
3377066
3501758
3432897
3364957
3440079
3562315
3484014
3259626
3444939
3492754
3436748
3453218
3473868
3518029
3611450
3513884
3675564
3647432
3422187
3662421
3521809
3394245
3549438
3155526
3465888
3487536
3283136
3392969
3072375
3278955
3073107
3899327
3392607
3646828
3987686
3803152
3259822
3545867
3529818
3332680
3427143
3613689
3571889
3689541
3759473
3684687
3645855
3638529
4260388
3850205
3647420
3681089
3598333
3507845
3633053
3724707
3747234
3728895
3607481
3460480
3575156
3692301
3531454
3507668
3621360
3876073
3799486
3601566
3379000
3501228
