236939557
236569551
240430338
237631841
239735952
236104275
239903440
233938174
235600159
237335931
234468844
236273804
235003883
234466035
234077048
242692581
234340617
234000573
237203484
235551267
236714358
236258957
234273105
237423484
235941171
232203689
236039707
252193305
250912385
251444654
253036041
251247519
248922866
246415537
250943401
247954189
249715353
251037676
247833821
247052932
257132629
254222037
248168778
249652448
248567800
244508682
244661330
237862433
239112940
238604645
239430478
234455829
231492160
232727202
233808148
235766983
233465907
232912424
235170644
234676930
233771431
231879264
237129954
236614081
234766717
233645986
238606162
233666937
236707177
233682074
234265932
233266719
236404621
236305119
233729196
238063419
235729941
235636470
233664919
235147222
234005350
236953953
248245761
239399208
240523247
246749004
250184514
247180200
247668010
241227959
238180995
245559372
246571067
246866176
248545859
249819019
247190906
249955233
250083020
247021474
