94672759
95038017
95951099
95412824
95288490
96262001
94921745
95738151
96794108
95696550
94953313
94678470
96119265
98660892
95620271
96392577
94588520
94443118
95218864
94988416
96239290
96192418
95083261
95873895
95686457
97074343
95134529
96018999
95308294
96323302
95763593
96317641
95032526
96522827
95124522
95488351
96212577
95847113
95365888
96634296
94942635
100306636
97718474
95846043
95909819
95845120
95838887
95964774
95728992
102669905
97164251
100108073
95719660
96448161
95939822
96575927
95084365
95385782
96584970
94999858
99028619
97200526
95941809
100231489
96764821
95193112
96160911
96502786
96465303
95033467
98247032
97421093
96725369
96013419
94990770
98270526
94912065
95564693
96472767
96710276
95815043
98047616
96649707
98330254
95805654
94626144
96950881
96197118
96540899
98100890
96783347
94829209
97089727
95949652
96472651
95113443
95313038
94936970
95916341
98245743
