18939670
19438036
19131050
19097410
19501496
18884067
19884841
19737931
18825816
19687688
19605021
18910263
19127282
19548192
18960079
19281798
20593747
18524082
19570322
19123979
19160876
18995547
20588258
19091700
19495295
19578423
19524222
19291523
19442606
20010564
19128363
19369825
18966757
18929089
19461125
19277498
20570921
19391304
18920033
19608316
19424018
19342006
19530018
19382182
19332435
19036561
19452163
21264706
18421405
17655312
18184863
17640112
17586561
18019147
17665323
18146886
18143731
20320349
18207252
18333599
19269475
18382433
18424128
18462995
18866654
21431578
18991493
19049056
17709394
18056755
18299071
19309684
18722329
19027490
19049443
18549424
17945196
19797331
18726102
18429900
20028646
18519806
18838407
18430920
18493565
18640410
18873754
18936113
19050715
18995319
18816611
18745963
18561302
18842251
19083906
18812552
18091002
18818587
18739583
18503413
