2452932
2366316
2340598
2326365
2361978
2324386
2496091
2227489
2403374
2301998
2175500
2484728
2377016
2345974
2339663
2361480
2250144
2258786
2207254
2668905
2290605
2330939
2247640
2607897
2481214
2420869
2859461
3243197
2563989
2484785
2539967
2294902
2543106
2424548
2375858
2419963
2330810
2488224
2343384
2402975
2307889
2307985
2379224
2289072
2371985
2361654
2319623
2414471
2680333
2512853
2460545
2484446
2699416
2492220
2470696
2288499
2291721
2355450
2198343
2401894
2292425
2489534
2759381
2640849
2557317
2279734
2280153
2257214
2421505
2311977
2260720
2458862
2171921
2247277
2454442
2509079
2430522
2518414
2426491
2305470
2307826
2341695
2296404
2375107
2406714
2455262
2542819
2505817
2956976
2306013
2129181
2319370
2383578
2408487
2332019
2405763
2259120
2359662
2414702
2385504
