54767898
51494705
53054034
51254676
51081597
51819252
53483432
51491408
51462635
51446983
51624875
52618033
50855367
53175441
52251265
51746083
52007724
51579377
51785497
51878329
50711563
52427779
52196509
52019151
51823355
51703302
52569722
52211520
54405074
51850306
49941344
48314431
49870216
49163422
48409952
49002184
49124086
51673079
55201547
54122184
48659912
48737078
49855420
49531793
48616000
48772752
50075110
49701961
49974579
49957049
50096226
49315804
49782469
49517110
49466740
51186178
49342475
51247581
51773570
48635888
49070705
49403588
49645797
48839820
48974317
50353336
49135245
49970869
52888659
51927424
52431923
49579161
51527840
52626270
47230443
50400999
49234401
51670415
51388875
50310752
50871440
51442753
51691004
51315921
50859470
51625865
51524675
51647753
51130559
51628477
51820726
48934728
49270658
48991730
49946487
48824042
49433765
68224637
52197474
51365427
