105894975
103877853
111689240
113616152
111428857
111100544
113487931
110992691
111453332
114675608
111868939
111933354
111518045
111761078
113510620
111738209
113519457
110660770
111849626
110036539
111359500
110701155
110461047
109950830
112122090
109916729
105285021
102934348
104790124
103421243
104274635
102265112
104678813
104806690
104049189
104900060
105836644
105285489
105639625
105214884
105027538
104145539
105881769
105786550
106364603
104150826
108075263
102851607
107358651
104435966
108208732
104023048
104225694
105173497
105665844
105404320
106955904
104109155
106607490
103110950
107305563
106334883
106984469
103909377
105407945
106815023
107092258
106042514
107082015
106882532
104508735
104515123
107029129
105543931
104196307
103873270
105181957
104252541
109411997
104189532
105530769
105629794
107159006
104859201
105265004
105608568
104555286
103481446
105293284
104775036
108060320
103880808
104475300
103521570
107255580
105486708
106484206
105564700
107709269
103937630
