766121
788246
732955
737740
736064
645675
652708
617712
637632
694574
624372
628048
755272
999309
682833
733992
642672
784207
699148
641849
693688
782896
695716
632981
654917
615221
747974
724494
715365
715756
732472
904355
807759
687959
670180
731355
699419
725872
658414
639466
689428
792214
648107
649630
679233
655503
695591
689680
633147
631714
670405
717749
663416
685575
736302
628122
716303
676210
725812
715609
651599
670135
666701
721562
707802
628194
706745
761997
729988
670815
716039
734569
759602
730007
743309
774114
735323
773749
791765
727373
721212
740157
823390
692364
680185
708842
762048
718858
631296
730435
680613
757414
805799
719554
623999
747864
691713
739245
798011
789774
