124763
147922
133938
121842
123989
108674
118503
114745
119851
104130
108354
109746
157213
142381
162044
166063
153666
123144
145157
128436
129834
136577
129502
130157
137028
124789
138634
127925
137954
141785
132074
179231
320079
142070
158432
145448
151273
146351
147535
166192
179255
164747
134163
128771
132192
167765
168220
162946
179497
173594
146361
151863
153293
174261
137547
129463
149775
148385
131089
130316
131867
137344
139387
146029
139134
147749
145452
136122
150460
133994
142521
130697
137131
148171
141160
147112
138596
131192
146451
138775
145179
141278
128889
145887
135062
142350
133543
150464
147138
147376
136888
140690
132347
138300
144900
153323
145037
143976
149307
151966
