5230505
4909878
4942343
5039741
5606821
5039834
5184650
5007093
5283533
5254590
5243406
5164280
5154506
5309199
5112771
5278966
5249836
5415658
5382681
5200598
5254301
5477798
5201246
4982449
5179105
5198066
5156119
5458931
5182485
5099276
5600482
5346893
5094520
5429243
5460484
5085380
5678644
5255056
5044732
5276156
5433460
5293497
5119372
5459521
5181152
5304990
5068392
7807907
4734970
4683533
5302488
5377495
4768674
4941669
4994516
4638168
4832011
4524890
5549252
4989444
5005348
5029435
4649047
4649919
5221031
4823857
5186391
5047153
4767096
4906584
4947733
5466917
4979981
5341451
5060875
4854668
5324731
5631330
5055819
5395873
5273013
4985778
5107893
5096388
4909736
5185335
5048037
4937770
5427940
5502774
4917250
5464451
5088681
5200536
5396741
5107035
4980145
5019389
5117987
4944423
