229758751
230619687
231608197
231597517
231029981
231930658
229142363
233234485
238792837
235273403
225222364
232242297
224835102
218302574
226416902
218377495
223437038
219432590
220327837
218324526
218505026
219158018
218374514
218028284
219105119
216962026
219027731
218472962
219276462
220522044
219179254
219577473
223965319
219880795
220164161
224072806
221056753
219515445
217923754
222229282
219073900
221629106
218775706
218152189
238682396
225664869
224446275
223306176
226639068
224201499
224899821
230248252
224291561
243511847
235706740
234762473
220962080
217817997
220062451
219915967
221957443
217070955
219406919
220177488
218000269
218600349
222174634
220099161
220229356
216855324
218045106
217046635
218303624
220925784
222935564
223667727
224814493
219596958
220787965
222419140
222485422
222680147
230661275
231957538
237256033
233563107
230309546
232770799
231879366
229807775
234423027
235977798
231283257
227883139
230881775
229882509
228996613
229165392
226830761
234330229
