1655129
1712017
1688033
1672777
1669638
1681235
1439490
1554260
1590058
1442525
1440111
1551504
1572954
1541040
1522647
1511298
1516855
1554535
1439109
1408947
1445702
1568186
1570043
1536695
1487874
1696277
2054873
1765165
1653503
1691918
1618305
1986587
1774955
1774030
1826271
1990460
1699637
1772683
1838058
1807124
1790356
1688576
1894972
1604344
1664633
1652766
1794514
1724724
1620840
1645491
1687175
1784110
1645285
1687470
1707277
1672310
1677498
1602690
1508710
1468896
1503925
1630968
1507836
1756622
1464224
1696673
1581040
1708032
1548739
1442886
1453607
1535564
1681310
1686969
1649188
1755232
1733852
1723455
1726710
1687159
1729069
1686062
1689608
1686729
1733192
1658329
1481045
1439946
1624200
1559479
1561661
1713150
1696907
1518732
1953603
1740335
1618258
1758229
1753532
1755966
