199930688
199840731
201254040
200534464
204971958
204939718
202365824
199829564
203397536
200665419
204618928
201802318
202260953
209579932
205770859
208720273
207834356
206042726
205904696
208050741
203475304
198035072
199976163
200588488
200804529
206777867
199953377
201790496
203210598
212459769
200702405
200501877
198854266
200195267
199678963
197144845
217197331
212206922
208231588
213927531
203406872
211771474
212440541
208994266
210364648
211833279
210737470
213085225
199236527
203332894
202721437
200275714
205570730
200105113
211206492
201643021
213922395
205003666
205608315
206374156
209049545
207963489
203970927
200143201
202438472
201084769
199303110
200398760
200997134
199470860
205743940
200644023
201310078
199039249
212092975
211758825
202020418
214541945
201334784
200504534
199253468
199446172
200709432
200054155
200513968
205967843
200266312
211013691
200038873
203088973
203437033
204694788
212231498
216487371
213466467
212089030
214461825
209815460
212339623
213023510
