326288
324047
312348
356719
321856
314776
660032
353762
358404
335758
343469
329408
314654
345366
328050
310492
459863
330404
329503
352445
332331
352823
531041
385153
341426
479441
352009
335407
374949
311861
353245
345056
312138
341224
331334
321638
319314
325855
356418
371225
353889
369917
315324
322302
314522
345631
346144
325252
417886
336159
347197
371952
362027
369579
354035
362020
322560
348793
356426
345450
323623
396976
330990
338197
368514
346011
392908
318552
318488
393512
339196
323098
374712
332877
330103
341838
318168
343453
351571
332648
348940
320073
312368
338357
340446
355390
406482
343313
319504
454554
363274
339107
380021
324317
342270
391692
356429
334271
352621
355508
