74143
63970
65284
70949
76707
69404
82832
70557
67735
72286
86782
62599
63178
64422
74012
71887
67575
64771
77601
59970
59352
61495
77337
76666
64740
65011
55867
53640
51289
66957
58557
64294
56256
78030
82882
76995
74091
75205
77116
80545
56612
69121
58902
67448
62247
81061
71224
68181
75295
65062
73523
55001
81964
73449
65901
65718
78666
67014
66776
60839
57475
55352
48395
69415
54014
54450
83055
57207
53995
55097
57397
56286
61149
55197
65657
63874
53563
61215
53283
76786
82916
72154
73914
83136
80653
69942
76905
68544
64765
69125
70412
69469
69816
82194
73483
76374
64495
78928
58853
63265
