234217
266093
290400
240081
237820
285942
253211
264994
255471
249138
237799
230048
255340
215556
235913
243860
244809
210664
244114
210900
252851
266116
215680
227452
234497
250539
298441
359660
273353
267153
267078
256849
268186
269624
304067
270193
258368
293782
247561
264599
256649
223680
215192
231591
216924
224423
246184
238397
234358
234498
221058
234729
282847
248045
211951
256623
239668
208397
257257
271227
241361
238157
249324
225620
238813
330791
231067
513509
239199
221012
224188
238512
240021
303700
200396
229130
263802
241639
222727
261927
206455
297799
250570
247325
273499
254351
248358
253206
237596
231956
287636
265203
282480
265569
276969
286127
259834
255115
282947
225788
