9002014
9300055
8961844
9071687
8748008
9542557
9259497
8752926
8829073
9445715
9905095
8992093
8943155
8717122
9177667
8499251
8837882
8803986
8771934
8785726
8463838
8864392
9074744
8573684
8324123
8371035
9281545
8568802
9163892
8347155
9372229
8669380
8329338
8982267
8973125
8515269
8332012
8825982
8622421
9365732
8727070
8671553
8700648
9222464
9483163
8665299
8704053
8923927
8440646
9156176
9002077
8581800
8948700
8438728
8647167
8497644
8787869
8658810
9156248
8998225
9064763
9211568
9134415
8527058
8935071
8556677
8696281
8623617
8473810
9088142
8998552
8553257
8795410
8876712
9141299
9022802
8817309
9963761
9268839
8857108
8529878
9287407
8377908
9460741
8737377
8938028
9669314
8909632
9053388
8739615
8936859
8599404
8688468
8803834
8798722
8632313
8532193
8816431
8749723
8953359
