224063676
221517957
225805167
226281222
221923891
224558265
224300055
222443604
221877931
222524865
224534162
222704244
227785118
221487914
224436649
224394713
221334890
225016649
224504826
227293197
222975166
225360662
225463264
224449100
223210835
222366360
225086256
222254074
222554121
224696724
222760398
221965774
222596549
222737836
220250524
223719477
219422060
220036645
221750401
225866765
223585840
224248528
220505646
224716962
221786258
222711132
225153664
221691302
222806809
226192423
222365381
222903509
225712034
222641282
223699493
220930353
222552717
222713700
222754464
225129967
224630566
224813515
227089349
225115937
220360945
222909729
244747811
237518599
237593537
235047261
238180091
235595413
234674432
235048468
235412059
236459534
236142124
222712642
221103614
222325171
223614293
222211495
222679771
235302095
221905083
222534100
221424121
222559630
223369216
221735037
220620842
222717619
224347585
223053118
222900305
226350243
221684883
222683094
224329118
220749239
