9129597
9052988
8860333
9655487
9267634
9065798
9095304
10574835
9223777
9829535
10479388
10284719
8877390
8589252
8669127
9054961
9294185
9670588
9543481
8930077
8840381
9992681
9689523
8640234
9504862
8619685
8665552
8673537
9152528
8644354
9201444
9998713
10594209
10433317
9386733
10273742
8984715
8922173
8848830
9851246
10020576
10155067
10271915
10234766
9647579
10103853
9004753
8712358
8805680
9488176
9672658
9236001
9965589
9058315
9194336
9060895
8596642
8781416
9035615
8876405
9640846
11121203
9417900
8856320
8970778
9166149
9190806
9157774
9089486
9025162
9212872
9348274
9254909
9834031
9684973
9484643
9214422
8995141
9370054
9002273
9116965
9736278
9810687
10654516
9144077
10005286
10406688
8884112
9002247
8736323
9033543
9377979
10280330
9623161
9344534
9154886
9778617
9265574
8884663
10533393
