8930574
9169564
8096568
8776819
8458825
8656665
8528970
8507571
8396847
8280058
8378035
8599403
8501921
8840073
8203484
8414044
8241751
9378768
8372966
8670879
8461668
8299985
8419643
8287679
8696847
8806445
8674047
8595021
8319383
8597456
8711178
8614706
8298020
8241031
8523357
8956583
9413842
8709952
8513242
8467178
8717036
9245785
8960373
8101013
8392103
8509383
8359477
8609274
8465465
8501927
8265229
8659093
8556200
8714724
9109895
8165448
8290710
8396026
8990011
8975888
8383607
8222650
8351578
9059207
9411322
8985798
8067179
8205597
8365392
8838535
9166364
8765881
8265325
8479926
9213133
8971648
8841134
8473205
8539054
8297422
8818170
8403149
8551213
8537586
8371582
8909906
9337884
8563996
8363989
8395586
8071613
8585219
9283594
8920800
8220606
8568667
8212372
9055517
8755954
8408508
