742398
762103
773714
811765
757780
844949
726361
664596
638566
663440
734086
675067
753510
685860
773021
685619
702749
679230
735080
686634
687552
773546
688636
788525
795974
768444
781392
1042967
703134
716784
750652
792454
844089
860669
944700
878077
801687
821508
1015513
854973
852711
751154
801481
795198
691303
683251
735813
837336
800438
796262
788448
855897
825883
821257
812274
792517
779618
741102
792525
769618
667157
803395
678525
745185
740916
725084
681587
738981
719800
722504
717425
695114
763222
830730
762727
855562
831889
821519
774480
827501
839838
767746
866107
841771
712782
681947
749451
775354
757361
712429
840024
719845
680623
717311
853841
723024
751377
945773
797191
809221
