1669931
1326784
1498231
1537119
1486192
2008811
1312347
1259122
1304340
1384303
1366055
1255216
1373690
1564214
1328648
1359734
1598588
1537563
1279463
1308282
1417750
1353197
1372706
1427242
1491879
1328152
1342743
2249402
1271948
1418064
1517317
1354452
1310239
1596681
1350424
1789149
1256989
1392405
2036647
1544687
1336992
1383169
1322809
1594646
1416632
1406751
1393442
1368320
1343789
1369202
1387904
1372162
1317780
1369802
1434230
1306742
1551727
1442851
1517802
1253204
1493380
1358376
1280114
1627293
1505576
1338935
1603049
1259494
2051749
1338857
1410417
1543521
1399370
1327122
1283124
1304391
1336649
1299280
1289776
1343769
1425056
1303403
1283081
1364315
1361457
1392986
1378838
1428411
1346416
1341169
1384438
1339779
1299326
1351112
1722595
1448941
1282574
1437630
1333622
1551418
