40321011
39820838
41185843
38297632
39830255
37669197
38581462
41580383
39822858
39939618
40432758
38611788
39434784
40147123
40386470
40001929
39391392
41824608
39259685
39663763
40496192
39872713
40977912
39855103
39774080
39325106
39214578
40502752
39452903
40198297
39144402
38260798
39991257
39233543
41139164
38954797
40406767
39106643
38759718
39028688
40982251
39253801
38976515
40205895
40135094
40587139
39507031
38464848
40094732
36438128
38539393
39695514
38053369
37854326
38104131
38197079
38235540
38339507
37726727
38017301
37652943
43048601
38324668
37670267
38602821
39361490
39516359
38996708
37977056
39866768
37438895
40969250
37377616
39311993
38160627
38668285
38902897
37128642
36991279
37810233
37641317
39886798
37812885
37832561
37300630
38610100
38196975
38200461
38900542
36866825
37275665
37811380
38081016
38037882
37066337
37349968
37608574
37757324
37698102
37967074
