18286694
18645261
18216046
18639514
18184789
17846060
19300393
18624622
18040111
19992925
18275627
18752375
18465049
17985723
18523704
18007634
18123454
19053672
17947147
18233763
18331543
18317545
18718982
18368132
18343377
18688381
18504812
18016196
18412794
17907395
18422826
19223007
18217538
18486565
18493863
18619368
19064535
18139240
18521807
18910814
18520066
18066916
18822455
17888923
18421596
18155307
17698894
18221912
18870298
18434029
18179424
18679751
18264530
18647174
18762769
18021912
18790190
18037416
18322883
18444330
18209214
18263991
18536101
18403240
18071791
19076924
18667373
18674107
18483402
17886343
18775616
18614797
18167967
19263568
18040526
18458991
19279408
18323714
18786003
17916674
18050564
19147275
18403024
18249222
19351509
18287969
18464005
18664966
17981489
18608401
18071048
18207921
18403044
18294717
18313699
18426997
18281911
18310291
18575507
18278066
