20912303
20786872
20302699
21520232
19910139
20385446
20224741
19191035
18291939
18772490
19569349
18962692
19122268
19431717
19826480
18783472
18859383
19585177
19667517
19434414
18636150
19770245
18666333
18707745
19851219
19645462
20006014
19703608
19154882
19978908
20297502
19400419
19966205
20744208
20289450
20510229
20584325
20278053
19849639
19858689
20973086
21391506
19740016
20173269
20657706
20149813
19916080
19747560
20371719
19601442
20311073
21887493
20193299
19851153
19664255
20382287
20194420
20333524
21416895
19312972
20195883
20624178
19569956
20164210
19818327
21443356
20406249
19675275
20295230
22046258
19930315
19780289
21305689
20567628
19406114
19927869
21523011
20234117
20094630
20264683
20492849
20048899
20222965
21993187
21242684
19995361
20195882
20786614
20063856
19944522
20509262
21573237
20347547
20084085
21614571
19753802
19855009
20969307
20149639
20213727
