121287494
120683441
121621515
122575291
122071635
123110755
115048261
115537350
118412918
117112559
116016762
119512848
118220761
115390531
115524273
118291631
116308052
117530857
115620017
117654041
119775485
118717634
116508201
116863059
123120169
123202161
122427685
125457015
117151714
115299078
119322120
117688526
117216290
116886303
116212775
115947943
117770508
117806815
118068523
121722049
122641500
118991148
117099554
116945555
116197572
117649629
119665063
120916414
117005321
119371352
118259088
115670658
119057595
117807036
116732686
117548838
120453658
116444716
124003079
124294742
120249316
120478151
119847092
115470598
116160327
116842054
118600377
115893150
123251868
122410178
122047717
117022822
116460831
116415867
117331625
116202857
119185834
119259415
121172792
122322205
120288110
120721890
121114531
122085076
120997375
123421328
121121023
122014995
120740666
122209347
122201451
119678600
120521527
122853630
121956074
121408273
123154509
121173071
121467883
121778836
