3931683
4160702
3943108
4024365
5082065
4166055
4078228
4422695
4376976
4977077
4046645
4211005
4160974
4700514
5176437
4828837
4119176
3985042
4452363
4252402
4256470
4831200
4552165
4157348
4507702
3972298
3868420
4164420
4071584
4187074
4486441
4605620
4190547
4600791
4816394
4103039
4499866
4544637
3937052
4160100
3960628
4234365
4203702
3983371
4583543
4142145
3909909
4041680
4608847
4689579
4054340
4762762
4415261
4326694
4894050
3963827
3986884
4693196
4360467
4357560
4702293
3975807
3987693
3987201
4375846
4181473
4256230
4604158
4297888
4284427
4896186
3927826
4139078
4239016
4134336
4159392
4244533
5116107
4545719
4949059
4053550
4462382
4084854
4330790
4234354
4203086
4627166
4372059
4282501
4433671
4083933
4151009
4148296
4537513
4299746
4327690
4300712
4038193
4277514
4810923
