116015750
114003427
113362148
112934126
113878750
118073969
117190703
117570718
118388457
118651308
119425593
118451682
118035410
118133272
117495038
116415764
116484803
117630100
115791158
116203982
111569637
114945561
115336294
117552959
114246498
114759849
114508046
116598493
117245194
113042667
114474135
114618435
115107889
114604056
114988583
113944782
117578036
115786054
117197033
118143019
118572316
119703084
116898564
119014471
118655963
117504301
116731323
117195047
115933337
117579081
116688289
116367245
115554164
115715345
117317078
116803652
116034985
120220436
118478723
118302239
116988954
114725561
117025831
115929105
117851027
117270076
116304377
115164510
117317611
115759020
117335656
115374257
116963150
116098853
115972078
115942934
116493482
119306210
118477861
116373007
115618010
117695637
116936602
117562513
114996429
115780534
116291530
117678658
117322803
117376746
116020480
114763777
115520327
116102708
117645147
117402005
115091989
117080673
117349521
117802269
