64810537
72247907
71337468
70300650
76174431
73292245
78448924
71653705
66227049
74246799
69429893
72496063
72627516
73333275
65661857
75244765
63385142
68600114
65546106
72799465
72421364
73200065
73946805
76030097
67290835
65928310
78126153
72242445
75265914
70439356
67444810
77766533
73402107
74253364
77844958
69081481
73727322
66621427
68205372
69756009
74721344
68353404
69817188
65101057
68454081
67433463
69790647
83275612
75334462
69500070
80092292
71497864
75765129
68486396
76201204
92498431
64879751
77277548
65141028
69876491
67215354
78952243
71127537
84754652
71506754
66641153
69313716
80774768
72712148
71699521
65286742
70052748
71145011
76239737
71107381
72030921
79263886
68210857
68914088
69716856
73190599
69076175
70965141
72541166
71543955
68326698
64950155
64647426
71501101
73975912
73013986
81343917
75249321
74981079
66012404
71977105
75055975
65697664
64362757
74605395
