259535188
257709866
261282420
259757033
267785998
259487688
261307130
259640995
259848720
260574192
260121819
259858867
261610431
260739754
258328713
264346347
260624323
262163128
261647816
267612721
264841761
263379852
265589403
262971517
266000863
263174545
264119792
261556993
262999662
261960197
260924611
263908667
259146547
259783859
259115309
257070762
261230722
272158843
277677951
276812584
276858395
275427815
278131355
275052323
279849918
276009805
274747575
276136190
274650676
275885872
273349982
272005784
274541711
275254569
273071741
275966978
274977367
275298892
274361027
273218862
274630168
270936087
273156775
270670971
272903451
259334041
262214979
258566165
269505079
270912667
270805735
273660749
272892143
275075687
270766133
270770382
269141176
272119639
271500596
271344354
273031557
271454286
270969446
275148544
272370556
272612560
269868365
266064948
270081843
276911086
270813915
269568818
272308384
270026639
280121148
271008139
270110930
269851502
262851575
259413428
