13104593
11297675
13357866
12077672
11396983
12049065
14150602
9602063
12796625
14355541
12604656
11359326
12403687
11155235
11287753
11182664
12245364
10908790
10455827
13554073
10299100
11410780
11434525
13174665
9482183
12112880
13090286
13522430
11710631
11346104
12269461
12317207
13346350
13519615
15750819
14368817
12540028
14071081
11688047
10134777
14077023
12209361
11792100
12537696
12452069
12439772
10736744
11275749
14891347
13307397
11785166
12179832
11764143
14112317
12136057
15638527
13667252
12684395
12188621
11266049
13259446
11251639
13109661
12232541
11267731
12081153
13318504
11863747
11955161
11823358
11190957
16536503
12603188
14146615
13413270
12957415
11937076
12061808
11267561
13949059
12832961
12968023
11814669
14791419
13790672
12062098
14046181
11757801
10984149
12866795
13098735
10512455
11302893
12142633
10958627
11268770
12333333
14869135
14054869
12955975
