1893741
1476780
1611154
1519162
1601327
1552938
1395249
1402786
1568814
1411582
1444148
1425370
1490735
1422007
1410303
1739669
1391427
1581162
1454678
1468618
1575489
1587031
1593453
1803428
1580981
1488876
1680726
1531363
1852836
1574620
1699688
1661425
1457801
1681540
1448882
1427886
1870334
1465352
1467133
1582395
1385602
1510888
1786628
1452843
1590134
1657504
1509050
1511262
1479045
1481998
1684457
1454751
1424203
1519020
1472410
1478522
1791519
1648428
1452764
1528338
1480207
1442359
1653336
1418100
1714217
1672177
1731445
1926872
1730946
1789360
1809673
1783706
1446189
1480656
1460596
1717329
1404100
1447219
1413077
1495401
1564876
1533807
1488412
1565826
1411429
1447331
1602059
1482039
1526712
1541582
1519688
1491307
1488105
1486587
1435398
1813394
1486348
1494713
1476189
1625094
