1612926
1681667
1929951
1650793
1715760
1734787
1683150
1764595
1643004
1649388
1624990
1679305
1647936
1684191
1674949
1720811
1598746
1622515
1995000
1694708
1703145
1539887
1700271
1731750
1856263
1628841
1740071
1734870
1769183
1781076
1611929
2004991
1746325
1741557
1732517
1937634
1589737
1684469
1516940
1537919
1863773
1918969
1509506
1585580
1632018
1518349
1552406
1459434
1624232
1667451
1602705
1625222
1610027
2498608
1644405
1596279
1607296
1654533
1437934
1562448
1690113
2295463
1497010
1511482
1733180
1523384
1577298
1594453
1590930
1524619
1613527
1467824
1591664
1642146
1564827
1747635
2064818
1490502
1698798
1499158
1593058
1662853
1590064
1797617
1587511
1859067
1744350
1715765
1720392
1852628
1614925
1662123
1624050
1603310
1592364
1639288
1510472
1504789
1548547
1672880
