133325
133669
143562
140711
136950
146775
132188
135339
134225
137023
143501
136658
135645
147517
138741
141460
132153
137866
138275
135160
137544
137516
134702
138576
140375
135261
134117
130207
128366
136385
126732
128723
128378
133091
127803
135479
138609
141390
145678
136285
134065
137301
136668
137951
125382
136590
128585
133332
130079
134910
128689
125108
129880
133058
128471
138815
137502
125805
135534
134048
135339
132222
132349
139046
128731
124688
131320
129186
146257
128537
132331
133394
128130
127236
131755
130621
129597
128667
129565
126452
130084
127442
128522
136727
137481
134211
131244
133767
139971
132793
129452
136418
140974
129682
130622
124611
161592
158164
177246
174824
