3590515
3682244
3626382
3656682
3668242
3498286
3883504
3697072
3603391
3639626
3580051
3767861
3514515
3526782
3621228
3535128
3525060
3919095
3440685
3486600
3778110
3618281
3467657
3490298
3511136
3580926
3626894
3687900
3473108
3637809
3388434
3942144
3716645
3448942
3670413
3426478
3727745
3523857
3608172
3718798
3565142
3671532
3785863
3459211
3570145
3569125
3514609
3552445
4299276
3628067
3421661
3485322
3520801
3583449
3539211
3556165
3659081
3533224
3606897
3704372
3616362
3452347
3787555
3705938
3500489
3581631
3602478
3513980
3450542
3594308
3722174
3611787
3597000
3637882
3534745
3536504
3542961
3559832
3570790
3496374
3638090
3697035
3557173
3647109
3706636
3447534
3702458
3376997
3663433
3629114
3540913
3674715
3912400
3422450
3782829
3512488
3644032
3564664
3632817
3482694
