9177747
8728423
8518092
8718554
9426256
9883060
8894878
8716070
8410763
8546145
8730486
8830261
9244082
8237967
8569424
8605925
8722913
8947101
8716930
9464055
8446653
8818267
8628785
8451207
8920704
8810680
9307328
12872684
9275389
9294772
9126045
8492789
9577924
8073663
8587282
8369450
8463828
9035789
8576327
8749174
8452294
8445779
9119744
8991623
8422369
8807351
8683417
8388220
8812451
9349382
8816137
9295876
8487262
8726215
8527346
8956247
8862538
9224277
8986198
8520254
8448793
8459716
8473879
8339344
8236371
8669880
8698695
8595558
9178313
8927547
9497633
8777529
8871666
8650806
8574331
8341275
8566688
8564932
8717658
8525946
8732683
9320118
9110915
8977297
8523711
8860237
8673573
8458191
8490385
8238988
8901091
8356157
8476175
8684970
8839014
9026883
8867996
8709920
8703422
8595932
