747021
649111
728554
668499
669716
649460
575089
582188
605946
576839
599486
601644
685800
576202
674702
632794
573124
681039
654775
572575
635101
607480
583110
694759
612325
647207
723603
651987
657175
681843
680915
701499
714424
702689
705878
709094
712928
753269
697747
702231
674044
697633
808355
572801
595124
634108
656091
705154
701403
664771
726879
659657
732403
667843
712225
668055
651948
574120
583546
568747
590578
590382
634205
624406
577974
554237
636988
600099
643020
734881
715758
765660
677397
669315
662423
678081
671729
717863
666019
682634
711653
676615
673735
700522
659357
672646
638018
597700
612941
777345
590866
553457
646390
610479
580441
558781
749453
728969
745771
670289
