9241476
9033464
9042656
8794546
9106470
9085439
9642697
10122078
9883578
8865367
8956006
8902930
8905240
10268069
9357808
9229741
8892891
9562087
9045348
9215814
8947889
9430190
9236810
9488978
9792163
9918916
9504314
8898821
9192433
9350578
10142107
9186895
9311875
8941288
9162190
9580535
9788763
9747063
8794483
9076681
9079769
9627466
10047611
9000158
10073280
9634170
8969835
9127726
9361722
9350741
9136510
9278574
8946732
9265454
9700733
9168199
9038519
8984085
8828504
9324668
10061519
9305371
9045937
9076617
9039838
9340685
10590895
9795743
8948536
9077247
9289723
9244308
9685716
9748418
9182137
8967984
12053858
9402083
9493547
9554823
9271941
9353313
9331382
9743343
10067948
10164519
9025258
9335512
9252817
9302325
9262597
9560963
9441940
8946860
9473358
9793862
9437248
9930597
9484919
9033732
