8589686
8254942
8920333
8913364
8918620
8422739
8425292
8418745
8684945
8183903
8449135
8593973
8450095
8885395
8872661
8404948
7971254
8560011
8527053
8770328
8728128
8205292
8665758
7924377
8450398
8496375
8503480
8430639
8723209
8211501
8399132
9027832
8817051
9099198
8063751
8165632
8589941
8700952
8463302
7937530
8212785
8243932
8575876
8489913
8567738
8239995
8276557
8353451
8333551
9310202
8038349
8432674
8121314
8184842
8541834
8787653
8268613
8226774
8104161
8960488
8051688
8261251
8272860
8395565
8533698
8713753
8986146
8620521
7754768
7661759
7969225
8332179
8482624
8342763
8065255
8324072
8213730
8372320
8863742
9013555
8422143
8412354
8193221
8317346
8379156
8715259
8253795
8564903
8434346
8677529
8598372
8560161
8558957
8355150
8292385
8611682
8375235
8514828
8527883
8448166
