3807220
4022044
3859195
3688542
3927960
4035250
3595168
3863859
4235508
3613859
3782191
3965079
4207304
4499914
4429146
4193523
3874323
4194583
4082156
3665941
3876071
4525892
4207047
3714749
3704511
3926546
3972429
3816187
3747986
3737871
3704305
3760750
4526129
4072359
3824600
3659987
4163747
3751811
3815662
3878840
4498843
4315554
3888352
3899822
3834390
4065292
3749181
4247263
4216389
4303261
3990139
4236369
3743422
3614061
4135558
3609545
3970818
4028930
3951306
3777616
4210770
3929358
3766419
3846699
3722570
3863347
3897437
3880854
3573245
3844109
4110903
3902712
3953862
3675002
4077677
3650534
4032878
4219161
3527726
4407434
3857592
3897787
3678810
3701889
4097073
3618995
3921032
3607571
3574598
3876116
3625591
3626062
3721246
3759050
3892048
3770553
4444208
3936130
4204551
4184364
