113473687
113601013
114164882
112750196
112829650
113692966
105468377
112270896
116344909
109768115
104255561
106721403
112407705
103373609
111941371
102245638
117336685
111299971
113146034
107771653
110279137
109317654
102006081
115550201
111740276
103579236
110321763
97728262
107273821
100348784
108554692
106495411
111880191
108288188
102794739
104584861
107063253
107814626
105140759
109256741
104504862
109068309
114710706
103952887
111782427
105949559
109733900
105856068
102206481
102494709
111141209
105772473
112788091
106174829
108290949
108843447
97913935
106453664
111706933
102147237
96153415
106094273
112398845
97513261
99167323
107918821
101195937
107263366
112218811
105642527
113183649
103804175
104418331
110169071
107110762
104489787
105203589
115330422
108248728
113754197
103958525
112310314
118500806
100765434
111172712
118880137
116454390
119341150
109916285
109430726
112857281
114422307
114869534
111714643
108854810
109240025
102164501
109684549
107824378
116488514
