8825330
8629352
9562577
9409251
8966298
9970562
9900035
8882111
9507288
8697238
8727495
9780768
9895411
10106104
10287119
9939329
9003698
9327586
8739953
8945998
9694267
10283272
10388338
9198151
9199933
8718090
9078022
8769929
8898851
9802910
9099478
8758154
10968762
9176852
10075677
9171958
10041643
8827142
8869349
11971227
9028365
10208604
8888516
8989253
9084444
8793769
8652785
9025661
10308456
9869798
10393051
9699584
9281194
9053456
8519082
9223308
8740340
9054013
9778133
10037676
8912032
9708818
8651119
8787431
9083117
9036709
9197801
8749726
9642198
9317983
8655620
9109326
9726198
8742931
9057270
9740905
9157916
9983744
9056971
8929402
9548081
8877367
8908149
8753720
9000959
9122386
8535177
9064795
9677266
9013844
9182896
9081484
9067170
8909075
9722656
9142734
9011340
9160271
9325518
9005503
