51304027
50129924
50583800
51406971
51054497
48135817
47626237
48478703
48873752
48873845
48036255
49312726
48296553
48816305
49051300
48094646
49765529
48323317
48811627
48515784
48173895
48251746
47627000
49388571
51663807
51142810
51589264
47151526
48240291
49091999
48439339
48216396
48642167
48658627
49157546
48953473
48220555
48086270
50090979
50837795
49038812
48195794
47706195
48206538
48763094
49215737
48606740
48062265
50629219
48295873
48900256
49106945
47782986
49064443
49054639
47673709
49026466
52194203
50596135
51731738
53390904
50079500
48702035
49554065
48534494
48828603
49237060
48929394
50768327
51253499
50951514
48142631
48511701
47736827
48215898
49484188
48005579
48343638
50011954
51579147
50760655
49935325
50463388
50768749
50060284
51130937
50878779
49406871
49338513
50001384
49965857
50873246
51940267
51981971
51471935
49830699
49927364
50964990
50605576
51616280
