107498695
108052207
107790811
107863576
106800133
107096237
107814194
107219563
106500477
108057302
107674897
107993187
109309776
107617662
108826340
109075373
108872667
108527386
107687604
109542860
111377462
109719205
107341504
108270856
107700650
103061088
102589157
102746128
104402491
103696781
102536447
103286124
101066281
101797292
104631209
103835195
102947336
104228494
106041910
105124572
102827271
103955590
103202518
102855872
102196158
106276550
104414028
103050031
102275360
103283348
103312721
103328740
102658754
104929107
103491146
103174070
104080660
103969440
102267752
103506580
101627736
102249843
102887757
106316181
103231954
101841716
103345519
102937463
103199202
104092758
102994215
104266623
102955581
104767094
103269002
103913126
103630225
107949704
106263715
109453667
109261917
109682757
110017819
109514516
109000023
109155404
109798281
109990743
108985434
108950357
107727544
109355999
106923854
102195474
101704906
104231057
107308595
109081389
109429441
109802505
