143066
164128
155710
162918
165570
114986
143844
135813
116878
124803
117764
122491
118909
121070
117901
114448
108448
106048
116525
120441
107385
102488
145001
148042
179272
176418
150579
122591
121227
158638
170895
166724
176066
148510
118851
114715
147139
146140
108705
112191
108800
108029
154092
117105
109283
103431
109718
105715
109557
106189
124322
148590
151581
115271
127320
119262
127231
123510
149390
160832
152253
163183
140995
143184
127167
128982
118766
119178
122702
118753
117223
116585
117551
120722
115202
122772
118390
102568
117618
118619
118335
119793
101454
124902
127405
188766
175312
165313
139010
119614
124922
125540
120543
123462
120154
127019
117873
122475
118209
113650
