9085819
8495473
9158251
8523205
8519228
8700362
8991353
9107429
8870697
8273436
8355499
9224774
9082009
8231116
8528653
8384918
8290265
8640204
8201060
8485999
8303750
8385591
8350960
8621012
9265365
9109739
8566397
8301363
8009175
8949722
8772066
8278256
8276701
8522597
8372622
8538577
8534537
8974748
8350132
8208650
8299168
9900722
8386242
8601480
8846860
8291824
8159893
8966825
8296954
8262111
8480769
8642590
8978516
9037254
8426762
8374959
8379938
8311051
8375706
9149594
8592767
8430608
8339950
8091074
8768901
8654666
9316617
8711760
8202578
8308566
8246391
8478108
8630842
8127513
8283172
8273915
8853848
8600439
8650037
8698433
8441371
8185490
9236785
8421273
9173222
8485957
8564018
8454622
8998182
8750081
8672619
8291281
8260325
8699840
8568229
8834580
8307812
8767787
8245670
8859069
