9024024
10058008
10101661
9859271
9963195
10117462
9828900
9266973
9374115
9695844
9663796
10154499
9032813
10152480
8998232
10274932
9650135
10922176
9793341
10221465
9319208
12730943
9398882
9047300
9314063
9485401
9311445
9676856
10127057
9378484
8918958
9343321
9131312
9323280
9173533
9485415
9767635
9851376
9340237
10188923
9914065
9418824
9651255
9557770
9547569
9874561
8798164
8997324
9697238
9582447
9895227
9602931
9866350
10215655
9707919
9551209
9169351
9543906
9394389
9312604
9924284
9596535
10416008
10735944
9717485
9566511
9540861
9021275
9317129
10105072
10039105
9775048
9688125
9257279
9753866
10587557
9583911
9725455
9761903
9917185
9536433
9514348
9532899
9677559
10245278
9503559
9697709
9927751
9052427
10287763
9594947
9728527
9802641
10380246
9746916
9968962
9939109
9417422
9513069
9844168
