3585894
3520828
3381128
3331323
3563159
3442645
3416626
4061540
3514132
3539520
3543333
3336071
3590237
3746841
3420855
3649412
3527365
3686713
3412939
3482713
3585899
3764292
3585384
3627923
3617897
3461950
3528436
3778370
3538154
3514878
3322562
3365198
3491740
3326387
3244639
3545633
3478507
3413806
3888841
3328911
3420862
3393815
3302410
3310341
3620107
3474173
3543922
3533509
3380676
3520108
3387885
3303050
3390449
3564786
3356906
3316085
3617194
3344008
3312925
3958173
3391674
3535526
3470293
3359458
3364512
3351644
3573520
3597242
3615712
3274401
3308793
3640151
3424690
3409701
3481031
3459085
3453467
3180184
3291567
3420916
3624134
3369562
3407195
3510675
3441607
3574959
3501978
3417685
3490161
3776601
3550161
3538978
3752287
3359797
3478561
3962116
3527605
3395098
3979164
3604307
