930629
930314
876451
855707
766185
662671
740437
689783
836449
752793
759999
825994
886892
798407
671689
647126
1077531
710856
706340
777753
757183
941577
836929
743779
740994
729109
861959
1014998
752035
751146
874228
761323
721620
705554
779883
687809
848316
664921
829081
752200
759335
692223
735712
802146
783845
653319
746244
771362
743202
704500
801817
746535
760254
770235
757972
780810
757874
675494
718505
665200
702775
777241
774818
740795
671935
825933
726122
726410
755796
821515
750892
770355
851567
762295
798193
855411
876668
813014
873890
882971
789757
1033278
699678
688392
751983
785783
942022
680251
792958
702930
955659
942888
785323
799423
720031
823920
852698
782167
795171
906107
