39910761
39607616
39402872
39296276
42015748
40289747
40497688
40914756
41020877
41863567
40699653
40798388
40452448
40990644
40119834
40434994
40585706
41855428
40999141
41252447
38619011
39818592
39056578
39644717
38803415
40364991
39540068
39294811
40628901
39326179
39914361
39540546
40282889
39677048
39558710
40297792
40649981
41033875
41064385
41295116
41145575
40178160
41620191
40557063
40482431
41325494
40325209
40479174
41643750
40461391
42048414
42477652
40012491
40469430
40568542
41159003
39984640
41832831
40299439
40663068
40160040
40304891
40518500
41076322
40401139
40192192
40201740
40509679
40838685
40404377
40590452
40462677
41566105
40563551
40719742
40414507
39797296
40878317
40161931
41103604
40697016
39978353
40652837
41265323
39570350
40509751
39983370
40308822
40463592
39822815
40063923
40657520
40636406
40404279
40937851
40511541
40136584
40531966
40648813
39825475
