102442
104611
116482
110991
105886
102575
103822
107459
105111
114240
117573
126446
121166
120930
120089
122506
125680
125720
119223
117536
119780
129121
126645
153359
164164
148993
124006
120275
112772
135422
124904
126213
120410
134687
118201
122142
122100
119727
128085
122721
130216
122300
123485
123367
125675
122498
126047
133607
129863
122826
132667
129586
116516
123955
139547
123745
129397
138735
135804
141066
129050
128427
125135
127778
125010
126749
124234
122268
135221
129127
131199
130052
128701
127213
128946
128251
129350
134807
127474
129278
128789
126403
129454
126821
120683
123401
118375
122745
119405
123662
126454
119342
129175
122586
124733
123569
124322
128429
124431
123091
