131500604
149049755
156487167
148287861
162123897
155933214
175172387
138220273
143643118
152757289
147261627
143525314
197100319
155867343
147118207
135805730
136878405
146701270
135512666
136562808
162263663
152090054
132496616
158007199
151287374
132950742
148937886
153219261
154348145
150828658
142812497
163280341
150510051
152145379
147608354
163646413
157991099
162006262
182306263
162918751
144800374
162960860
161423652
145753422
160253965
145775689
163975166
151878098
148963087
166891143
160919360
137142546
148871258
149117831
149870941
148154185
157466634
157130762
165468196
149834951
164421225
142264748
143993079
139080648
149116036
158393795
148537174
144045771
138641592
149661702
160404630
151831609
133968724
152731842
147027992
148801607
137124154
155496844
164342716
121471213
144461596
139550390
161188368
144699241
145919356
151728318
145657868
155171191
161401849
161422875
157520768
157938471
159068860
158876649
159020487
165835101
142439981
177875286
144850490
147258169
