229173911
229317180
229111653
241174958
220403380
228987227
218929274
217059663
228776579
232291476
231716248
231694286
230963820
226321241
228508531
226153779
229140265
225121832
225507985
228728434
231649194
229633240
226236118
228965993
229558240
229034548
226784031
228540095
228143149
227774402
229749604
231791548
228298454
228672364
228902699
230291183
228942988
228294308
227068011
227714378
225705668
224921036
227442819
225378080
226903131
228438635
226750542
223884712
227826794
224150838
217093210
220464848
226368633
222524378
221303958
223267803
223032991
223604897
225129072
225621192
227026897
221843581
214809214
217574142
228020982
245062546
236150356
222256588
232625921
238376629
230438948
229037475
228117202
222540419
232873597
232577255
232552921
234109838
216067097
218004213
218429018
219239591
220018848
215025689
218227576
216348617
217154726
219455922
216595067
215876719
217567455
218441457
217191023
219265797
218669068
217394982
217107396
218450807
219004082
212982911
