212104979
210514491
212190307
208058882
209583844
210558101
210293260
209378344
210960396
202146739
202380030
208836719
195990346
198754944
204438946
200662460
202712269
199813140
200691063
198651186
198763668
200301470
196726392
200301510
202439040
199117017
197831451
200048786
199844037
199303514
199900884
199124695
204634907
199544402
202998981
198360360
198884260
201850859
204930932
202245919
199484102
199666291
198838697
198402964
204880818
207099930
208019936
205714250
205701445
206648522
204237569
204014574
206137338
212127009
212794843
195856180
199993271
197964073
201259409
199241460
199538145
199963717
201593328
204128825
198128753
198071309
197217060
202333208
199772800
199651896
202831012
201311424
200548346
199560720
198596951
200652973
202339125
200842416
200822102
201737734
201416723
207708692
211803832
211864783
212393651
211656587
210129366
210096534
211761849
210232297
211449611
210426520
211390105
212045739
210260168
210193676
209202123
208733508
211504442
209873153
