8306398
8622847
8531606
8237492
8430654
9195773
8394656
8754125
9366237
8833713
8062245
8769575
8655811
9770146
8577095
8501742
8120865
8075987
10076198
8542532
9155362
8760226
9015430
8723825
8989980
8647660
9423964
9831232
9082879
8995756
8766725
8672341
9663603
8350646
8662823
8431812
9093006
8764998
8605651
8742134
8663088
9090637
8952353
8751132
8739999
8795705
9387347
8802675
8966722
8726444
9586756
9283733
9043693
8955542
8976059
9181237
9689069
9163972
9178679
9011564
8757283
9949098
9356139
9098039
9022102
8581650
10090519
9513494
8882750
8834794
9157104
9275478
8889518
9338130
9160685
9007995
9408242
9568042
8205868
8602676
8953757
9510914
9145177
9084397
8926895
8844029
9634147
9409590
8609876
8861401
8559658
9530259
8878762
8945426
9027026
8757493
9323889
10006681
9072471
8927019
