224375
222618
265666
251338
251484
269768
235224
219194
228698
284986
244122
237314
230701
238425
238222
227751
276531
230494
221485
221060
227463
284002
279699
246917
266471
255657
232477
293901
223819
224898
248360
208004
225054
210639
220636
303684
212639
221885
209379
225139
231302
228592
238676
219550
216216
289571
235621
209604
229133
225665
227328
237032
218008
227598
240167
218899
236988
221579
278237
229517
205070
243662
214297
236509
282034
226632
251897
281082
245888
320697
271638
257329
246522
227442
229533
230870
232437
272216
235067
215118
217609
204082
239901
238454
226590
241167
263867
256538
209485
220486
258832
225787
251395
240020
283059
227198
216880
239853
238652
237644
