9361211
9008568
9040490
9639682
9522713
9731832
9032181
9160007
9437774
9469109
9364705
9138595
8869625
9101377
9151995
9495528
9328157
9304578
9195668
8942061
9589161
9670715
10574669
9328416
9004453
9188766
9254182
9546745
9606131
9085839
9419941
9688965
9611123
9249803
10213674
9146290
9045695
9963121
9888942
10194170
8836427
8974691
9026764
9249121
9356618
9163713
8934307
8898310
9436343
9744601
10839295
8858944
8253662
8914670
9142301
9214372
9277339
8975640
9272255
9098290
9089921
9188134
9160618
9257518
8977377
9231829
9302460
8958144
10005810
8757478
8877797
10397142
8585736
8735795
8721083
9303823
9055383
9368066
9849799
9944130
8858173
8911551
9090967
9161659
9745130
8946645
9063750
9037534
9004470
9114034
9535932
9734042
9372695
9132259
8917972
8817529
9485047
9107983
9494322
9096443
