203504237
206590205
201840423
203965864
205693109
204388567
201684164
202851695
207467697
203535688
203344275
203176899
205826981
205280178
203738285
204824119
204036349
206410094
201986860
205930328
208809296
204814419
203422366
205734905
205059358
202148037
202584425
205470869
202769210
202636838
202644434
202965481
203078442
202360797
202507661
204018529
201566393
202731221
203998364
203227956
203847130
202736375
206492342
202642895
204205003
205443755
202220203
201962583
204867520
201577094
204826422
207704932
204096232
202148392
206755314
206281720
203360403
203638818
201372291
203510575
203661503
203168869
205165462
204115786
204536267
209053421
216023199
215734541
217734213
217680724
217712099
215074662
216170787
213858565
213964880
215421214
207328485
204662084
206906751
203478828
203759663
201938402
219035626
203632403
203348551
203464955
204738402
204144390
203023671
201636933
201209621
203521516
203544114
204988214
201891604
202179761
201966323
204714818
206389274
204175879
