230017
296901
307660
298871
233892
234403
279981
239017
264264
258870
282143
285223
292932
276248
227386
248926
253562
237374
229313
235853
237697
233286
236079
260117
279122
238789
404720
252765
383845
235716
252766
309262
286887
258040
251162
279380
244272
288683
224306
251406
259581
249315
265648
248391
271483
267176
247683
225942
251983
240741
284631
256799
248410
236453
299305
240478
232598
246015
250262
252916
281430
244981
283507
323198
231989
492553
274232
229999
253962
250550
259757
383302
281190
305816
240746
234232
251794
237209
231175
229121
243318
240864
247755
226257
245208
270653
228588
292133
266089
275378
244264
311739
280843
279308
238122
267265
244497
266647
245781
284795
