122040743
122217943
122897038
125832322
123635002
124604889
122682157
122606673
124539643
122617541
123351727
126780904
123634557
121745722
123499861
122797405
122747086
129616556
124710069
123618651
124672918
123048061
123844501
122305227
125247519
123865618
123250771
122724263
125313184
121627611
123004711
121400467
122168855
122048785
121434796
121864376
123584210
128809113
134489875
129700226
133027991
130780470
131352645
129429263
129439280
132926587
129396070
128793383
129516410
130504946
128524017
129955554
127951186
127374099
129727470
128089393
127777057
127338443
128287440
129974034
130040672
128512569
131956009
129716829
120347883
125488466
120936563
120374811
127201963
128787901
128702694
128562290
127739811
128079692
128300758
128744431
129405933
126749056
128574509
129002556
127853591
128692473
127115065
130052966
126659780
128392049
126671563
121096797
127808043
126332838
128870112
130257273
127820508
127827813
125823698
126536406
126743023
127235691
120188784
120922143
