95215917
97220480
94667874
100568017
98491275
101437150
102063778
102679190
101216751
101347304
102080381
101287352
101973183
102859122
102191008
102060567
100936880
101365089
100681010
100714519
100178226
102022241
101132195
101233985
101072224
92241849
94107491
94602917
94271519
94795956
93723501
93214881
94233648
93132405
93963218
94746245
95217351
94487076
96833565
96419937
94824415
95543700
95776671
96406296
94816632
97911785
96177021
94400134
94004418
95150898
94098391
94903244
95936842
95841849
94970173
95296512
97812376
99098587
95396615
94441019
94734729
96369739
95376727
94289990
95236678
95359051
94967031
94536173
96049063
94396484
94564992
93470767
93715990
94984964
93971566
96568081
93551165
94766772
94577802
94602696
95094029
93318842
95183412
94663699
95776669
94419205
95629648
93122003
94832911
94278152
96995175
94677652
93631892
94714446
95444524
96501177
95090600
95416203
94259891
94413000
