88023
75656
46071
55997
49262
49457
58044
48762
53690
47823
54731
69051
75692
68198
90927
64134
54308
56434
55305
64561
63244
65100
58704
62219
62959
64348
56326
54915
57946
64355
65036
64654
57751
66615
57576
70111
69367
63305
67602
87618
72185
73409
81008
66946
80347
88616
62274
63209
70487
70657
77913
71224
69666
64530
66492
56706
56795
69209
68368
57254
66587
65863
57614
56992
66260
57829
67770
60890
66434
67936
66019
66857
56658
57641
67161
66041
66406
63684
64278
62974
64334
64691
57584
65728
67979
66998
66629
57805
67202
57460
70632
66983
57310
56779
68651
56860
66584
65969
67254
58951
