3143612
3108479
3039437
3310823
3229018
3234933
3175913
3124733
3394164
2933963
3118389
3069637
3439189
3077445
3166872
2943681
3091031
3080665
3124253
2819157
3146771
2965288
2962385
3061254
2941701
3049798
3175308
2922896
3299621
3249832
3108574
3020281
2975605
3135668
3169987
3053322
3723639
2932657
3095529
3062619
3095784
2976438
3400470
3024443
3070583
3435700
2997758
3183879
3042909
3134592
3190667
3590970
3471690
3141384
3306601
3438177
3225841
3045257
3084593
3592856
2976594
2884196
3203095
2955668
3002147
2972289
3132946
3108025
3534890
3320974
2831517
3277650
2933868
2977194
3315115
3467349
2887678
3300471
3090546
3122068
2962671
3076938
2941487
3362831
3075847
3035126
3582545
3367670
3136466
3630825
3091769
3617330
3074647
3171936
3291145
3387568
3137909
2990293
3162269
3078412
