502298
539421
515864
515292
519922
471101
439016
445342
541047
472216
513312
482713
522447
481201
546059
438519
443439
494383
469552
446016
484355
493110
465940
528507
516750
547702
527514
548774
535684
545382
612523
546132
539097
465433
529736
472195
507762
546229
612224
519801
456218
582016
506425
522383
538370
581993
539451
484685
439489
456253
441038
526080
473874
457553
459262
467375
479264
515675
473968
512557
491497
538348
449673
490786
555351
500189
513616
574060
484903
452668
444079
544482
660769
708267
659386
545590
539841
526148
542249
532578
510020
678363
443983
453555
546366
461080
565108
460305
876379
462058
446294
457373
736493
509304
444417
443571
491482
433878
445726
436341
