104808687
104952069
105910201
107248434
106186868
105783923
109117768
104902297
104849003
105092751
106776079
108061460
104551571
107555997
107284344
103964491
107356583
104467217
108042813
106471277
105716144
105869770
106756712
106089940
107039339
108060299
106251566
105993125
107261344
104766606
105466276
109047468
107786341
106463809
105610656
105627486
105401217
112983612
107576241
110519423
109863339
109613843
111406045
111005336
113407307
108714523
111287747
111713369
111123866
109493740
109468463
110408379
111451139
108569662
109982391
110940204
110342831
111220639
109403083
110970768
109386361
109173923
108159960
108676235
107864439
106121771
104704857
103250538
104022025
111813839
109599063
110833789
111063896
108314698
111182374
109191199
108998125
109613214
109416039
108160624
108339776
109948547
109534924
110409348
110085731
110228658
111127088
109259454
107040114
108899490
107711000
106981530
109493072
106931983
106956092
108715002
106435642
106917975
108016969
103631743
