127669263
126826481
127089881
126817602
125600481
127423993
126018698
125746896
126277104
126324835
126121035
125163336
126576143
125370639
126575257
125968323
126424508
126686575
126761176
124887408
126359354
127555499
128429278
127014036
126466836
126757003
127425705
127037233
126207810
126470752
118098174
119134721
119673880
120390276
119566147
119003205
119291309
121822123
126867932
116482486
118209697
119892804
121688032
120207883
118788061
120258758
123827482
121012469
120931996
121265701
119798554
120225852
119283473
118049440
120160167
121614448
123279934
144262514
116282870
119739312
122054865
123674990
122117681
120484361
155162988
126246138
124662887
128566333
129250826
127827225
129043333
119596133
128697357
131374345
120447401
122774502
118312432
126019500
128951241
131139159
130051710
126805899
127790693
127091279
127262704
130523695
127999197
128139882
126588827
127795525
124193041
121432583
121119001
121569509
120937740
119655018
121232342
127381350
127817558
135554392
