98145363
100674698
101177853
101357634
96088761
96480007
100859027
101040481
97144915
104510179
102455684
102090037
101740383
99694456
101488693
101668569
103928749
97925463
99899023
98234280
99625043
99836118
97799393
98568665
99347100
99662378
98321358
104162718
102247145
102354261
102918611
103485494
103615051
103273578
102829626
102054356
103327268
101124621
102566177
104373595
103877666
102944374
101309256
97011613
100258490
105750237
102439698
101391144
102174278
102349245
100840153
101426682
101771279
103055306
95835184
95768936
95757492
96002845
95572911
98943959
98695290
95962270
98406677
94870881
96409874
97751800
97083096
97564790
98308788
99802048
101925352
102923082
101040066
104223692
96064348
95086235
95709687
96090785
97272665
95303411
96041287
95703156
97159525
95739936
96993779
97162028
96176519
95258260
96137856
95891681
95469490
96756413
94945360
97204433
96016165
96752176
96629116
98353625
95232999
97093590
