917450
1810185
867714
1107860
937971
900655
821129
888570
907419
932568
738372
775668
869443
933987
845198
801429
1173571
773385
883856
825344
806539
728939
908435
859616
763584
974575
873628
1027089
1280973
1040064
1091632
1172828
955393
943437
1165543
930081
1306138
812266
1090339
947037
768532
742618
1033351
916988
963838
969624
939701
1012114
990962
989628
1358713
1008592
822290
1175123
1015717
993011
822736
842968
852069
909739
1005586
953090
843341
796473
1156003
699276
911131
868827
1278902
1112951
929393
973530
1092690
1052680
1156417
984445
1181084
1089481
1558701
941090
850959
868894
833732
894472
863675
1287711
969650
1084660
818001
1001553
1028211
768781
1006081
786169
835826
946013
898848
995091
746966
773857
