41617484
42754809
41065558
42439749
42972434
41570011
41659770
41003627
41777542
41993212
41933377
42276991
41373734
40863964
41587075
42099321
42198714
42103242
41278820
41620787
40907202
41357539
41846239
41509616
40979257
40827294
40534187
41439568
42037737
42101620
41533778
41311704
42828976
41817265
41206333
41169640
40993155
41729019
41707716
40270662
41082849
41700244
41395200
42727712
40656788
40835480
42597520
40988263
41022601
41709087
40842313
41836390
42127262
41295968
42694862
41746199
41928967
41736983
41796442
41346994
41510584
41160473
41956103
42290547
41866062
41696506
43709190
43332594
43436751
42875968
43227485
43993382
44568381
43050371
43718844
43127560
41651736
41562859
40589450
41015800
43068680
42393382
41758886
40770397
40994593
42770293
41375918
43270430
41237052
40218902
41292317
41512745
44073189
40979965
41882383
42994169
41638090
41142575
43293756
41572423
