239779
281469
300994
247566
252231
215561
208862
229699
218191
244907
269945
212514
235908
231030
233270
240503
262966
279018
280037
222074
211602
233541
249754
235701
257031
225912
207814
231018
233107
241852
303499
209108
283581
230314
237725
220563
274086
228364
287705
285863
259201
246716
231046
246066
281341
283268
205411
266149
224473
208320
266003
222998
204807
212513
256720
283768
244545
347696
202880
215743
250556
217374
250806
256378
222283
379504
251481
218067
251848
231077
240467
264533
245641
228802
213518
214981
229767
223308
235084
224612
208768
229805
313385
217092
222727
258875
226186
237508
240370
234314
274786
243924
219339
229223
275546
227304
230064
228616
254734
244275
