152340
142804
154858
130031
130121
127026
127564
125402
127256
127639
133039
126375
126307
132734
128095
127373
126133
127291
127893
126872
129310
129249
126690
110647
129681
106675
105749
130377
108802
126905
125496
121403
129888
127700
125656
140576
148591
136481
140183
122399
131651
129132
127476
122708
127433
126545
127727
126695
130063
127195
125484
133964
127595
127639
127403
130342
125120
128329
130165
124524
108422
105961
115062
127638
115099
117756
107301
113220
112842
106444
107951
109980
106953
108341
110376
120293
107432
118927
116989
120508
127852
133932
127356
136708
125151
127250
125430
129280
127212
125226
127873
136810
127692
129982
124636
123460
125842
121253
108855
113414
