9078067
9722227
9016177
9112833
9252971
8975070
9097385
9665509
9338827
9247659
8965727
9019870
8778380
9303604
9379934
9145369
8898217
8738759
9346075
9830665
9702867
9405535
9079669
9015848
9499951
10095378
9591627
9028118
8985561
9310975
10364553
9694546
9696216
9206271
9071641
9597138
9586707
9880969
8360101
8626151
8177561
9571888
9954601
8581450
8577429
8551546
8605658
8523362
9709238
8753435
8783123
8760460
8505697
8336589
8776103
9617390
9131823
8612597
8767416
11647913
8646643
8749796
8336144
8714682
8290948
9700394
9151010
9814136
8775663
8588620
8773717
8736725
8288748
8311594
8306974
8611959
8395809
8868078
9938068
10004429
8060836
8127203
8538859
8609121
8665626
8657108
8276673
8698560
8576646
9091556
9200301
8385900
9203011
8445430
8754746
9545100
9093258
8841641
8490794
8580413
