8936509
9088461
10402229
7799805
7792506
9192825
8880297
9207035
7736475
8816074
8764807
7872371
8386025
8607966
8603482
8634624
8624726
8705058
9215578
8635502
8119033
8667734
8244956
9166946
9081331
7717949
9102185
8813220
8429126
8865677
9199188
9248591
9633088
9010774
8220865
8157831
8698588
8306876
7899669
7779464
9020632
8351993
9061480
9507270
9945276
9319912
7971017
7958760
9228277
8559555
8029925
9105997
8345115
7856244
8898292
8462206
8809293
8359916
9047928
8558709
9155355
9497623
8072790
8308004
8305632
8820378
7616906
8980591
9102733
8454852
8936214
8462438
7870432
8910330
7708077
8342630
8737425
7837309
8492834
7880556
9199900
9166299
8686253
9167289
9149621
8906455
8812974
8939847
8766849
9824714
9661113
8556568
9055333
7607145
7483588
9510444
8798248
8715559
8944494
9348552
