19607304
20356371
19777513
19854579
20635267
19956848
19950141
20480584
19272460
21456068
19282377
20069836
20381596
19627170
19810091
19919525
19662216
19931264
20264181
20263312
19752808
19738783
19667514
19902314
19857976
20321609
20047712
19565079
20332439
20078799
19918143
20405848
19944834
20065378
20424767
20154352
20528428
20419505
20582868
19644887
20610716
19467920
20039896
19890840
19828126
20210869
19946438
19737414
20327334
20119465
19835556
20703759
19704997
20084533
20511576
19960515
19450352
20802587
19680250
19905675
20066660
19493049
20134705
20273314
19677047
20635436
19690438
20059946
20383001
19653045
20836149
20215080
19924868
20003106
19898388
19987015
19866810
19902467
20191896
20328787
19876650
19991523
19549068
19917732
19994142
20203966
19416804
20271660
20217583
19581947
20302157
19701181
20711772
19919707
19782950
20429813
20404996
20034006
20471288
20046574
