100760632
101918434
102494247
101727164
102128863
102253841
101986739
103829754
101727189
101705584
102595151
104114549
103930235
103449171
100900528
101191710
103010084
104034758
107958201
108021864
108303586
108866022
104606380
105280866
106438000
105403228
104372526
105261654
107930740
105235517
103746591
104899632
104370485
104328840
104922151
103326444
105086448
104362263
105130708
104922476
105111055
105357631
104491970
105067897
106106371
105254285
103619656
104769581
104395765
104801884
104668097
104851010
104971664
105209097
104656995
105642327
107093230
107295052
108167028
108373101
107526303
103121647
101869633
102257949
102872811
105283639
103397996
102785335
103966567
103629587
102212848
105006347
103836718
106853178
104170735
103083095
106955187
108413545
109852746
108768808
106641389
108896272
108149271
108285780
109667976
107711403
108598603
107127944
102990815
104222235
101391219
103546750
102801880
103058076
102587943
104280079
104139517
105211711
103770034
104327522
