1652741
1696315
1681421
1724413
1702525
1512272
1565548
1537310
1541962
1631669
1497862
1538972
1982050
1869588
1468863
1519123
1840749
1888554
1757083
1491845
1520828
2069414
1729979
1587402
1509033
1484200
1915486
2000946
1516895
1657438
1780842
1773616
1839546
1536034
1716359
1792950
1714268
1982993
1564329
1479795
1537620
1950665
1396982
1399570
1556817
1487853
1629990
1475759
1465776
1565291
1649447
1585237
1494333
1541966
1605166
1467139
1634293
1610407
1522899
1592748
1677692
1603849
1503967
1415272
1472745
1489406
1723022
1518388
1596596
1582378
1543197
1894211
1745942
1742292
1758316
1743310
1817488
1770607
1727794
1711703
1775377
1672454
1658970
1562037
1465517
1666463
1643879
1572137
1781415
1598961
1641679
1774114
1578818
1518297
1797751
2227823
1805416
1706211
1702223
1814025
