123945
119425
122785
121195
117879
104135
103254
115183
103070
114988
118306
102839
103200
106063
103793
99660
115653
103114
121160
106288
121923
104027
112808
104895
103004
102923
104372
122858
102802
119794
110257
121321
117561
142381
162203
149912
130566
119472
120165
113434
124160
105746
118512
109296
128399
157685
131026
134517
125519
131525
136339
117581
164477
154517
120479
120897
121407
132905
129502
124275
128400
118775
139524
163068
121887
126120
131453
124181
129582
123721
127315
127136
119373
127187
131614
120890
118919
126495
132333
125476
163944
159177
163661
166606
132527
118908
122094
127370
124904
128910
135052
127301
128718
120837
132682
122928
128854
150913
159450
152480
