57640177
53209440
56886094
59372663
55669733
54374571
52218107
53137861
52691967
53994395
55652632
56946465
52926742
52679183
52440868
55313372
52236289
53403685
52793954
52230730
53804217
52190247
52463791
52805079
56516439
57317226
54444635
56006321
54947435
51171458
52929119
52794829
52155185
53440793
52139965
52127463
52611457
52434082
52623875
53555665
53881818
51139449
56767930
53355911
51111863
52186211
53021229
54357291
51468216
52667148
53651123
52676598
51741773
56995514
57441135
53918466
52310314
55286883
56041268
58633905
57045349
54002463
52787987
53319358
51786078
51310689
56859996
51581166
50318022
55731006
56260399
49928493
52465245
52021854
55668162
52173745
53406549
55844074
54485372
53989863
52913368
52344968
51731436
53903834
52870180
57562974
54808793
53098958
53058963
57669745
52391431
52942915
54186447
53704330
54982464
56362681
55526984
54971174
53966318
54505029
