10519945
10032214
9987443
9630567
10136847
10426474
10693326
11153297
9386280
10608817
9912943
10638092
10555504
9459715
10154081
10187778
12178001
10756131
10114986
10195289
9870132
10868705
10437159
10184128
9840086
10352926
11274198
10491914
10492985
10086462
10490497
10694831
9845680
10227054
9841142
10090573
11824919
9868872
9804591
10072467
10101129
10853398
10393889
9918314
10189532
10235495
10820532
10701739
9939552
10349064
10535640
10618436
11013870
10344129
9814124
10965102
11073469
10515731
9767308
12560525
10470719
11187465
10291743
10159597
10648535
10881195
10784804
10822274
10518406
10272073
10315896
10467963
10743126
10366050
10068306
10509662
10677937
9906538
9414102
10073932
10177575
10778617
9998498
10177559
10328133
10808743
11470781
10530022
10171889
10101915
10676798
10289876
9937035
10917109
9859134
10686384
10686626
10707075
10066325
10260592
