21226780
20721116
21802065
21632612
21256252
20953126
21511479
20611315
20594509
20569939
22389664
19843596
20080341
21521202
20817602
20633570
20127129
22285398
20669891
20626148
20689754
19540393
21164632
20298692
20249463
20298980
20811433
20365345
20359005
20025785
20766101
20266873
20616883
19944148
19996941
20450604
20634587
21048858
20236914
20505308
20385241
20529724
20530793
21812508
21265029
20606021
19875089
20488462
21649239
20903202
20909399
20604964
22115575
22205640
20031211
20788197
20851687
21204320
21440036
20987664
19755788
21843284
21636584
20818875
21194045
21491181
21232099
21454038
21321709
21529456
22324593
21042649
20759654
20745672
21845822
20866897
20314894
22469485
21943819
20616952
20769808
20416239
22303290
21429627
20374299
20452071
22071582
22199216
20652190
20581883
21308534
22101800
20710537
20330414
21577908
21648542
20729008
20682221
20543044
21602418
