4320478
4798803
4599123
4473428
4548876
4205378
4408517
4860528
4676550
5626677
4852354
4949404
5379218
4273342
4521112
4253963
4243592
6267555
4998992
4470769
4810154
4433040
4360551
4095561
4390628
4601363
4080572
4502329
4579224
5439768
4953221
5013984
4933174
5377882
4811376
4524234
4107751
4180499
4676522
4874944
5718300
5027583
5338322
5161755
5266748
4208158
4156354
4492060
4025637
4872321
4712991
4489537
4173879
4299496
4238910
4550374
4271933
4279442
4796749
4244683
4380233
4866870
4497553
4840948
5284066
4663390
4271149
4408376
4283891
4238256
4735585
4847828
4872094
4529350
4774237
4192267
4833435
4549854
4494729
4359748
4299830
4612857
4316379
4791110
5462673
5439691
4144232
4383785
4705918
4386056
4892538
4469525
4225358
4378906
4386349
4709147
4825108
4603429
4334759
4494817
