105411206
104250477
106754960
104456652
106054253
105363750
105025238
103470796
106551806
104557131
106240868
107317690
105011214
105417547
107253487
105541285
105181515
103960321
105294242
105290789
107046370
105602841
106475406
104681682
105971562
107064161
106080842
106456429
104848100
104245362
106361530
107177567
107437264
105760484
105351107
104057341
106563398
104729654
106627760
106820984
106828301
106222551
107276394
108050938
109721471
105396494
107485051
104080940
106225151
110884295
115038011
109160096
106897689
107848470
105237186
103926376
108482919
106528861
106190790
105711401
104778589
105834022
105671101
105284304
103918274
104658391
107682217
105161620
105616126
105262295
107026390
103858796
105625964
105320031
107271834
106824633
105062539
105876118
106631181
104197223
109124265
104154927
106107280
107871123
107832138
106055093
108241542
106272160
105768455
106346107
107845170
111120098
108351052
106883813
105388266
106520718
106038140
104995332
106019806
104240498
