230757012
245422467
242885707
247480023
233124445
247926880
233265042
218142696
248696414
244619344
247947444
209330597
232117527
244310804
241437409
248654954
232759131
245397181
211777411
223280684
243363783
241811065
237284145
241654180
242969689
237720066
229091222
224667814
237079125
239258561
235266052
233447662
228441249
246122746
227559386
228389891
239704828
238868620
222319475
236942663
243566505
221053983
226527764
235274291
233862164
208331725
221890053
235454497
228752151
238599133
243825392
225421058
240090568
233359040
239834985
228482964
244826077
235329228
223732325
239289634
240063308
210084373
245065232
244566925
217243390
238373046
267907673
217419398
239707071
238366306
227446771
243891972
226773027
206485037
231512821
222551355
231436353
235143545
212284954
223061881
235964575
218217070
214404129
218158639
230818687
212231195
214547105
203947774
222423855
226617714
227791780
233849687
214882414
228040170
218777516
225302242
237557178
227668933
223360459
219846572
