1642044
1596022
1671882
1639161
1694243
1490953
2100673
1676442
1626857
1658133
1390792
1449625
1418369
1439840
1454535
1442965
1437960
1533237
1451414
1488181
1542138
1327779
1548068
1460530
1523656
1628982
1707269
1608695
1748560
1618484
1799808
1683227
1693165
1673432
1643179
1629428
1668198
1727703
1638281
1730027
1876646
1608048
1462186
1392425
1393525
1490940
1677004
1544943
1467399
1501564
1665803
1496334
1497710
1426717
1437937
1421313
1427613
1992313
1449033
1442029
1674498
1438883
1436645
1443753
1472054
1574039
1456162
1493543
1593216
1538075
1717762
1707236
1466691
1570995
1477916
1696894
1691620
1476845
1475466
1523535
1372985
1469822
1530762
1447113
1783778
1486179
1479845
1448997
1475734
1618042
1467465
1900826
1674314
1783689
1733526
1786112
1644674
1758570
1658188
1647796
