22455
22572
27817
26475
22162
18639
19202
20044
17784
18471
18124
18971
18407
18794
17037
14929
13949
17898
19310
16502
16521
15047
24982
21525
23560
25477
17530
16879
18907
21386
22444
25933
24494
20568
16378
16678
23084
21560
15873
15924
16419
24136
22001
17034
16483
15984
14971
15132
16055
18995
19285
21956
17206
16870
16541
16474
17198
17342
24553
22559
25024
22606
20892
17992
16964
18588
16352
16747
16553
17595
16687
18056
17642
18507
17235
17434
14922
17610
15573
17060
18769
17473
17020
16583
24503
25795
25682
18914
20493
16837
15861
16875
16573
18142
17824
17878
16042
18394
20138
17857
