39269305
37799143
38255364
40479203
39027399
39109407
38383346
37817345
38071421
38032650
38574654
38144892
38863046
40146567
39218406
41099878
38866076
38686018
39130860
38556081
38456478
38260498
39579805
38674345
38263324
38139287
39475358
38512709
39454354
40881265
38703249
38881179
37577471
37388215
38965012
40403246
37838443
39177260
40338210
40611860
38940883
38888310
39638770
38977744
39134710
40800988
40372226
41881986
38824022
37300385
38350607
38548809
39483887
38367731
40766301
38480327
38042494
37655409
39646251
38535820
38479522
39067605
38428413
39836748
41531565
38154073
39015679
37884721
38759699
38108942
39645773
37420481
37932230
38675535
39877672
39259079
40559223
37156358
38340362
37762336
38478606
38597436
38839201
38566897
38274510
38550024
38611634
40286253
38389135
38960624
38511517
38571904
40980733
41129096
40060705
40588109
39873666
40151058
38182466
39948455
