19375
20411
19823
20023
19818
15570
15626
15766
16004
16768
16973
18743
18525
14960
17791
17324
18820
18142
18426
16708
20427
16180
18183
16382
15776
15891
16829
17322
16484
22380
19470
20148
18299
21392
22523
22356
20399
19092
20211
19494
23376
19450
19552
17922
30509
20329
18974
20020
21578
18809
19808
20375
18950
25114
20420
19134
18984
20087
20601
19658
19863
19931
24225
21627
19104
20448
19447
19425
19179
19909
21239
19567
19265
19767
18929
22208
19846
19370
21461
20896
25956
27044
26746
26820
19277
20504
18667
18563
20170
20743
21495
20688
24224
20706
20130
20356
27048
24335
25673
25992
