17635131
18527559
18104728
18306605
18746291
17752747
18014342
17737204
18688616
18375872
18143886
17464438
18349916
17541068
17896608
18189029
17603882
17944130
18652248
18238463
18009284
18681343
17463206
18260540
19313672
17980780
18292386
18933650
18855604
18223840
19968978
17955894
18445493
18368437
17901426
18208018
19558040
18101924
18683143
19667805
18300500
18052966
20018125
17973701
18238340
18682719
18369285
18659318
20056771
18458347
18663285
18842175
18538529
18394287
18889369
18166174
18072411
18381100
17936958
18364408
19395393
18779442
17974838
19409852
18233147
18268552
18743081
18077236
18171192
18858618
18195920
18475593
19260963
18253114
18321028
18671326
18454790
18006960
18901248
18308927
18366884
18791361
18314213
18212646
19300129
18242091
18715195
18770181
18460339
18607257
18910779
18179274
18852216
18640366
18384145
19095008
18110108
18657911
18642990
18717220
