17850103
18273537
18910255
19157169
17935239
20003347
19365722
19402636
19543661
18974202
20790316
19237702
19445101
19212548
20016088
19666535
19792297
18848395
19335987
19389696
19893662
19133851
18885641
19154035
18928966
18470075
19033315
18343525
18368414
17896413
18963190
18213866
19598546
18814924
18571057
18305238
19035137
18892767
18067071
18179315
19853176
18500946
18802383
18391933
19113676
19285551
19133787
18250264
19579818
17971420
18724648
18295606
17383044
17977654
18682557
18110498
18867684
18936767
19407012
18357843
19596859
17996631
21361465
17867312
19801900
17846623
20092091
17663722
18549159
18254364
19013966
18297168
18514073
18319423
18249149
18455821
19209805
18415489
19534800
17850765
19426792
18123918
19085081
18740896
19497553
18163192
18195336
18899926
18522132
18059368
19365210
18251670
19143658
18007751
20672763
18121788
18785081
18946125
18662927
18509179
