18357101
19417830
18422401
17025303
20244421
18717816
17412554
20050590
16920863
17313643
20432535
19552602
18357016
19840884
17454635
17331826
19369156
18107554
18848032
18522171
17676135
18550077
20178928
20152724
17984585
20579220
16341618
16928322
20360955
20243672
17934049
17802140
19253537
17471735
19597354
19817242
18086440
16328726
18453549
18311312
21386977
20518241
18916204
18193492
17635780
19702317
20698301
20034189
16442218
18016990
16964265
17061563
21084133
15385121
16563262
19296358
17755636
16973804
17970350
21567047
17916926
18446631
17878059
18355623
18743572
17843739
20012797
19355855
18620624
16145810
18869795
19754198
17687278
17717993
18750650
16355411
16717551
17232709
17372527
15980577
21351914
18020660
20060457
20813543
17451805
19563277
19841977
17678811
17185175
17732416
19942626
16740664
19270808
17553918
18224457
16850631
17216429
17872904
19585571
18076075
