9381137
8244962
8596178
8938921
9223877
8717532
8635379
8790005
8823791
8483600
8365471
8934137
8358252
9379692
8663205
8781853
8518900
8921900
8619521
9119677
8725485
8303595
9547216
8547928
8723064
9028484
9580247
9062270
9129063
8986008
8627133
8980233
8706928
8884644
8349278
9335295
10713468
8689733
9766844
8294684
8477392
8352215
8816350
9317319
9643607
8747477
9583782
9014094
8704053
8598461
9848294
8770794
9787574
10022996
8871830
9353450
8521512
9090453
10498130
8816759
8788952
8984796
9601744
8474472
8610193
8821468
8930459
9360767
9118841
9573874
9762895
8243706
8587314
8648742
9645802
9896790
9207091
8507400
8715244
8633978
8447479
8580505
8896810
11945567
9176453
9137295
8991784
8617215
9104705
8613343
10006119
8439013
9590059
9350031
8776142
9137751
8975246
9143506
9097207
8853283
