1426388
2058189
1489573
1521565
1499288
1309693
1424524
1555731
1301568
1570285
1471592
1600547
1566052
1521552
1503929
1330704
1353180
1336339
1352506
1325437
1428575
1615665
1299743
1701772
1434807
1350366
1744544
1459518
1304918
1515462
1337325
1433114
1440863
1446479
1474793
1461747
1283331
1640537
1351177
1314132
1494710
1327351
1411277
1399255
1415657
1334517
1301384
1391846
1302921
1285092
1415012
1343390
1402546
1295236
1536395
1452263
1401595
1368083
1382176
1292340
1656842
1627633
1368408
1452521
1283600
1360412
1650131
1262327
1571975
1300115
1352006
2053826
1527491
1595583
1650550
1336626
1524864
1272532
1306681
1414516
1295212
1362852
1367013
1273316
1286011
1388466
1265053
1423380
1385135
1573917
1370680
1768995
1542482
1321054
1548020
1325214
1448784
1525478
1405624
1457296
