18501351
19934646
18956382
18000694
19324523
18325508
19536240
19094606
17317235
18993321
19260719
18689562
19245354
19038652
19191192
18889123
19369645
18115430
19409933
19235768
19599008
18747086
19127626
18648390
19117792
19121144
24814093
19517102
19276623
19398766
19944742
19402654
19588797
19325215
19489045
18618829
20056614
19675637
19209697
19192761
18857012
19206969
18510310
18575098
19589332
19053336
19063002
18824542
19890575
26940834
18948183
19415483
19227068
19214808
18455459
18418517
18771350
17978328
18001130
19327639
19608192
17963333
19251314
18003749
18578780
18422218
18161491
18229759
18649670
19194936
19229950
18960183
19071715
18373889
19938713
18294209
18253131
18236537
18220163
18601470
17849960
18739794
17817887
18861788
18815414
17327694
18051035
19226716
18374791
17974066
19885285
18180572
17475456
18153733
18634796
18436189
18967944
18512737
18866535
18083635
