8436303
8325325
8495356
8432110
8135703
8224673
8585066
8094835
8348267
8366486
8097793
8007071
7831164
7863503
8392118
8395311
8161050
8380210
8545024
8340983
8955170
8555202
8306867
8174244
9218225
8357710
9321434
8458414
8334573
8534597
8971264
9171614
8291445
8328659
8415544
8547984
8851547
7341104
7102991
7771947
7699048
8796698
8292704
7752777
7666257
8013718
8535795
7936926
8671288
7889893
7658550
7742410
8303045
8367248
7774828
7713492
7776762
7778492
8176893
9387860
8036599
7542684
7687709
7732054
7890435
7899075
8497212
8137342
7600254
7831348
8466525
8318631
7865996
7478374
8139727
8340344
8661864
7649703
8756067
8912307
8435731
7846005
8374670
8065523
7692777
7813684
8054878
7737917
8013170
7655762
7587608
7906813
7546568
8099293
8174319
8353292
8572394
8566722
7692557
7818200
