130217
132119
124855
137774
136686
126227
111034
110009
113017
133447
133370
129669
122724
329435
105723
134429
128645
128889
128756
129631
184823
137328
129200
129769
127513
123479
127168
128596
125790
133541
123472
130648
124123
129110
121900
129063
123241
125139
122491
124957
125902
129958
128519
132703
125190
137960
146745
133876
130014
134073
132682
121972
106164
126726
106701
107139
107288
108847
106586
113731
107285
118409
139892
107716
114289
110254
109922
105255
113140
106898
117741
117408
106376
109531
104702
113400
108168
108071
107441
128088
128821
135198
127758
131872
128242
125047
124281
125658
122006
127003
127542
172709
143931
112620
113152
116253
109504
126795
126443
146957
