7319187
6793042
7704194
7623187
7354932
6798088
6294580
6507092
6655799
6790551
6647076
6761150
6790919
7012687
6674422
6680375
6976120
7171794
7774459
6188122
6257152
7405430
7339698
6402811
6227017
7537957
7585148
7154735
6964638
7067000
7004815
7118132
7128588
7378779
6843899
6918126
7165898
7092919
6852119
7282699
8352119
6806042
6802316
7318230
7288186
7158176
7337419
7149541
8268304
6906386
8166953
6767448
7222621
6695868
7098326
7204091
6860695
7579485
7331316
6732267
7661514
7041697
7010699
7017637
7458411
7373523
7268397
7115186
8183310
6964710
7255044
6871449
7432648
7341756
6849570
7483284
7469797
6928705
7211699
7664670
7075436
6801473
7306876
7177343
7029035
6941274
7189053
7034326
7142998
6995476
7404875
6673648
7580798
7579168
7396264
7280770
7003066
7204250
7227048
7297231
