17990946
18355231
17802316
17769416
18807726
18190260
18047670
19138506
18994698
18177433
18505803
18409559
18805848
19012012
18063711
18412618
18368792
18279489
18678397
18007278
18279328
19965125
17960340
18012844
19076006
18765923
18535763
17102314
17294522
18303276
17259605
18119575
18103341
17445699
17787433
19097761
17902772
17498698
18959921
18135532
17718986
18119066
17752672
17382430
18184261
17848502
17321427
18283872
17853994
17468712
18269298
17524976
17679881
18483332
18322793
17193761
17640822
17341239
17726053
18529345
17595189
17593294
18087399
17647064
17650855
18250395
17806542
17771065
18281010
17599098
17434571
17996184
17791742
17291056
18527259
18497411
17730613
19015114
18171389
18005083
19563573
17528753
17754145
18256086
17601000
18095275
18952455
17664657
18186941
18629588
17908272
17579597
18701819
19339935
17484535
17771647
18140932
17633863
18144460
17647488
