1703592
1364891
1299662
1414804
1373035
1362447
1352795
1321935
1287897
1440786
1515191
1366279
1313177
1684261
1331882
1279825
1440998
1306468
1351735
2034741
1334872
1408808
1606098
1375914
1425012
1566037
1375762
1402299
1371330
1333402
1328047
1375569
1359324
1406075
1364326
1400971
1333216
1411565
1367006
1412036
1368401
1459312
1347905
1351499
1388191
1435902
1372748
1399257
1481803
1361756
1410333
1411771
1382221
1433795
2058079
1361530
1407151
1929556
1292618
1408013
1738174
1357658
1441305
1748711
1500946
1388359
1735296
1374804
1358338
1397185
1320053
1315842
1338398
1406936
1444043
1347228
1528133
1324068
1398751
1406492
1360824
1330379
1477160
1427441
1361509
1375674
1592729
1381788
1480858
1580488
1309565
1400579
2099580
1385394
1345847
1539771
1337692
1474117
1937492
1329378
