20576948
20556083
20674293
18903429
21198073
19848828
20906409
19873171
20175609
20009399
20354057
20370909
20751473
19987964
20841930
20875596
21200858
21576850
20563287
20642756
20346910
20753025
21711401
20887459
20689404
20503473
22508877
20399810
20805929
21196879
20024976
20322073
20745925
19762508
20653485
20264961
21914056
20066976
20285923
19603459
20423393
19257990
21297417
19763340
21356810
19944425
19694819
19129261
19415831
20066627
24224440
20532515
21232890
21050271
20322576
20252917
21328988
20178839
20650579
20279170
20861922
21165194
21247788
20760427
21502422
20567034
21089798
20380296
21057964
22751309
21913398
20791762
21608285
19112257
19694145
19874513
20560989
19541901
19546179
19826217
20109669
19640590
20516591
19507169
19372352
19769347
20989235
20346133
21399529
19947110
20328508
20074124
20705186
19977312
19902408
19752496
26161616
19965661
21114000
19887990
