18411136
17839419
18921079
18421605
19474357
17913548
19408494
17876590
17885478
18740852
18940130
17739650
18031634
17487523
19104174
18089459
17687854
17692582
18058875
18161436
17921917
18328647
18412598
18137401
17769112
17812686
18617405
18519328
18310501
17996846
18413611
18401062
19031239
18272168
19964392
18070978
17963905
18116215
19516109
18587567
17943472
18479843
17562966
18601308
18141136
18370239
18885134
17566053
18627714
19391315
18008883
18669595
17783913
17207728
18500083
19008326
20234535
17896541
18804983
18177249
18347027
18034611
17918996
17974958
18282475
17926871
17854438
18312687
18053876
18278326
18892280
18047749
18544412
18484250
19643050
17314119
18893859
18144337
18241612
18071611
18511063
18604677
19077735
19146314
19460706
17945045
19122948
17834458
18544874
18059515
18126879
18701233
18273936
18203803
18931682
18568628
18741019
18505215
19341394
18382932
