1550805
1583304
1548364
1482188
1581196
1280000
1728608
1503082
1357675
1477752
1303886
1317259
1326211
1296251
1300220
1376686
1357385
1343494
1354604
1407278
1306560
1279194
1302473
1299243
1362307
1878550
1550122
1520197
1520651
1522960
1522632
1540787
1623518
1572143
1475886
1550190
1529024
1857456
1503616
1709006
1384968
1314781
1411763
1297881
1326098
1356334
1308140
1292290
1432422
1316001
1321225
1322510
1364905
1299843
1286813
1324352
1425068
1638740
1364645
1652587
1291261
1391357
1249967
1412567
1286462
1734637
1392485
1360802
1712839
1356595
1631113
1417209
1308201
1466636
1239011
1386025
1312775
1305635
1310723
1297891
1360946
1300750
1319323
1407838
1311551
1320189
1326598
1373673
1375499
1249084
1604241
1475162
1529837
1541323
1496956
1581103
1508000
1451054
1519105
1492868
