101856476
102318953
103885036
103577191
100841189
99289815
99878111
100819963
100374183
100066010
101053779
100203935
100308494
99171045
103043613
103585288
103707255
104960372
104972747
102929232
102176800
104144450
104859107
103251826
103041936
102069888
102086078
103948123
103592573
103811734
98212198
100104045
98923908
99098076
99535357
100547167
98010921
100766584
98940372
100013567
94539070
98698792
97345359
98034911
97000073
98300435
98443800
99156017
96679874
98718949
102209923
104151988
105257230
104510002
103220721
103822861
102823710
102723071
104203865
103092549
104276561
103035122
103086212
102693650
102858918
102879334
102878596
103893671
103239772
104406528
102705597
104146808
96795372
97402747
98821452
98150751
97938656
96759440
97289653
98364060
97603039
101392683
97110066
96162628
96201654
96370819
96829700
100071493
99377006
100275460
103308264
101333550
100437699
100641411
99874268
99964332
99445019
100878700
100012002
99120688
