3632621
3512471
3563848
4470927
3478290
3607373
3594644
3775830
3627887
3874058
3664939
3695590
3695460
3865773
3932819
3666099
3519925
3974551
3968761
3794660
3589740
4144182
3678722
3794930
4668641
4088135
3740038
3823765
3676157
3759130
3758200
3817194
3767890
3878290
4095686
3847083
4023036
3749015
3829530
4126521
3796589
3712379
3977515
3755356
3692924
3795485
3776530
3792395
3655023
3752825
3735447
3670247
3609127
3902896
3755686
3738770
3868128
3813732
3732439
3697892
4038074
3948328
3697631
3918199
3821441
3819645
3876954
3731931
3720729
3911282
3693308
3833762
3877765
3873581
3721177
3880516
3809173
3724657
3875585
3784377
3815412
3841720
3632144
3722811
3877111
3763470
3884597
3880451
3709960
3869246
3652115
3746862
4105105
3797677
3792166
3870045
3848074
3832266
3684619
4727690
