19993161
22045472
20592244
20150971
20182142
21821267
20176858
21777760
20624387
19813961
19611480
20545840
22237071
20967644
18843851
19806871
21048069
19627277
19054056
20297449
20544855
21208851
20656421
21624352
20290877
21096541
21902198
21758191
20903832
21144102
22170268
21362121
19889754
19647135
20315513
21049898
25865786
20437960
20603821
20411683
20786752
21359104
21367176
20584968
20660608
20778974
20633243
21061460
20844439
20533566
22210014
21385191
21152562
20986713
20553027
21212928
21955192
21983075
20443038
21459846
21147998
21180571
21480179
20797515
21012933
21785458
20973169
21008227
20617231
20465783
21009908
21563940
21220708
21501430
20807591
21864725
21156321
22510169
20643009
20477319
21166921
20952393
21390479
20539933
21458637
21483452
21825552
22601708
20939941
20746512
21544544
21173224
21814611
21057972
20675612
21451382
21719007
21716137
20611809
20566443
