1349014
1365663
1200683
1474803
1389117
1156534
1315270
1531004
1458353
1260667
1746049
1483903
1513260
1399690
1326868
1306211
1588977
1527397
1203112
1449166
1331131
1414275
1337870
1529736
1232318
1086568
1618519
1449789
1198323
1452289
1416652
1338713
2025341
1194445
1204035
1288781
1452840
1419041
1343822
1280434
1520020
1368987
1243651
1365902
1400820
1391419
1364274
1458856
1550684
1177793
1356341
1414666
1422262
1403295
1353174
1749216
1420324
1412971
1744160
1375011
1479373
1569048
1448821
1527451
1550462
1170518
1524123
1640426
1365145
1259469
1263312
1439564
1282519
1249832
1131738
1376438
1428538
1429093
1449302
1121837
1255569
1514344
1301982
1376192
1202354
1480122
1619630
1370937
1482144
1093997
1802823
1423243
1347425
1431338
1317596
1657011
1527135
1466425
1288993
1381558
