4309021
4592591
4169155
3684241
3881742
3804367
3927560
3998964
4342454
4844920
4395254
4563150
4898148
3938932
3831554
3799270
3753823
3682757
4381616
3962952
3893845
3875240
3723064
3674245
3722542
3710679
3750977
3903308
3716105
3765091
3816525
3887848
4431901
4579777
3983296
4303476
3814798
3774731
3626715
4526360
4706357
4334115
4105321
4820748
4510802
3931806
3767351
3702102
3763229
4887036
4186652
4251550
3885688
3940311
4418932
3779430
3637054
3779603
3759225
3929753
3874704
4038237
4220582
4143254
3907041
3931825
3804587
3844438
3802089
3934307
4095972
4395050
3907872
3989624
3984253
3987889
4231051
3909071
4011284
3748576
3799877
3813793
3933801
4780859
4418776
4003539
4706858
3768311
3830034
3785524
3889994
3721154
3968950
3713036
4056287
4045750
4366597
3852503
3937065
4206196
