19055841
19972269
19912216
19233133
19973566
19426362
19564426
20219125
19385810
19431406
19912759
19937297
19451936
20250469
19481488
19916079
20824460
19484024
19150649
21406680
19513004
19531553
20042653
19614405
19963075
20616460
20173313
20002175
20879389
20654680
20716060
20960718
19795447
21173586
21148259
20085218
20430096
21602841
19750472
20934985
20675073
19824103
21977728
20775600
20026467
20830602
20151717
19806874
22262214
19573952
19905195
20673522
20526241
20273984
21651777
19762013
20053280
20463444
19868315
19548016
21112331
20077470
20213372
20637115
20267186
19612310
20691472
20421846
19918062
20233279
20660816
20441838
22097618
19831297
19828876
20439774
20513877
19839081
20170478
19826869
20096531
20098670
20947631
20559052
20442997
21166335
20388342
20391079
20042519
20282736
20524685
19841912
19831391
20780428
20397313
21260609
19793349
20147560
20660832
20140749
