17628806
18023029
17404502
17575946
17822564
17450363
18075158
19148378
17273377
17369992
18469716
17436007
18399187
18163175
17660990
17239371
18848241
17277399
17451757
19097636
17755715
17493222
18317208
17630295
17568229
17863565
17334116
17459468
18207338
17467294
17291179
18041460
17663512
17700820
18178907
17572735
17447997
18097676
17626527
17728206
17603136
17526717
18109211
18655110
17181242
17670408
18458808
17253784
17425881
18810036
17486863
17489790
16858643
16710404
16910705
17788961
16843022
16894439
17383279
17173536
16894657
18596512
19149215
18496263
18226163
18732929
16871554
17105408
17060962
16925277
17862666
18014817
18016821
18267877
18263905
17994056
18659613
18075520
18433399
18040844
17966896
19708263
18229090
18181350
18769587
18252747
18524908
18508927
17759829
18651241
18390391
18016516
18532729
18245345
18619778
18491005
18421641
18543124
18255031
18293811
