140536
178014
163686
191610
157616
127735
133906
151733
170699
128681
128245
130045
126829
125049
125768
137120
113472
109679
126032
128935
117378
105350
161430
170905
159909
190467
202353
138915
141870
167177
171134
172594
182888
171892
163567
116310
170967
171335
115607
119214
117245
117881
163806
138377
133295
109227
113906
113475
113591
122293
146592
147662
148813
151157
130734
138321
133898
131053
135065
191201
182901
204470
164910
153274
139267
138480
165951
127808
138521
123630
125008
124626
127280
128954
128129
126747
128892
110051
128856
124959
132153
121911
127521
132015
126711
204760
187207
193334
165827
163296
129605
131640
130573
127095
120123
126419
137181
131118
125807
141892
