78559
98521
110658
94702
80323
104439
111715
97680
98740
87329
116776
96289
93338
95956
122114
95181
129245
96671
101284
88681
98588
95889
116059
124058
136520
127510
109540
125110
95520
89484
97631
105756
99752
102713
113319
119911
137694
88924
104010
110272
102446
112281
130172
124445
104922
116331
119591
100366
121310
127937
100640
135269
118348
84339
107613
116927
123258
131312
94817
99785
123036
127722
123025
104019
123405
119460
104159
90223
82089
121099
96269
93527
140000
114152
93810
116235
137480
100845
116377
138267
124843
108508
107356
96548
132202
99143
124061
119882
99729
121764
107443
107700
105251
93490
102982
91877
97996
118620
113575
91856
