1609909
1597102
1642514
1690070
1739363
1610566
1600544
1592248
1712539
1603391
1622168
1525703
1624206
1567134
1708402
1990872
1561851
1622682
1565329
1699985
1784217
1688135
1608131
1603829
1662666
1826857
1672271
1637135
1625936
1611513
1638691
1750393
1692600
1698650
1607752
1642205
2041685
1798545
1679457
1530366
1611356
1564337
1653717
1545485
1507542
1611380
1588972
1611302
2016011
1725619
1599943
1553104
1706263
1705113
1716402
2273286
1472493
1614299
1611963
1752611
1672712
1963976
1750553
1669183
1589049
1702680
1792565
1657891
1438270
1510792
1620587
1548926
1498548
1949270
1822097
1562834
1677211
1665696
1575804
1620562
1593944
1667193
1616459
1554524
1685487
1611223
1541362
1778700
1727723
1642746
1631595
1525521
1535370
1593785
1649529
1566205
1870001
1579157
1617786
1663524
