20080556
19980291
20345556
19929455
20097443
20003013
19998241
21167683
19875002
19694138
20329542
19943067
19765798
20706998
19943094
20584987
19986379
19758458
20180053
20209197
19050616
20141789
19951478
19928729
20870925
20929152
19483257
19634910
19078406
19017858
20567790
19445930
19210415
20925760
18822974
19298729
19918872
19491881
19026230
19806698
19784488
19681549
19764601
19054375
19725660
19978340
18964545
20521978
19357953
19218852
19844393
19562221
19266682
19880507
20324964
19275601
19087447
19471509
19865713
20685212
19379491
19406412
19308273
19213070
19318740
20836186
19734129
19065555
19730182
20346590
19472305
20152569
20300494
19252424
20656434
19709785
19678728
20213980
19722368
19207759
20056375
19380446
19151802
19580761
19397928
18945471
20563033
20301563
19172483
19870010
19296791
19360259
21084357
19353628
19412715
20728527
19796527
19529403
19929713
20094802
