112951053
118631029
114050216
112317635
112564793
110416850
115713905
113388621
107833031
108836324
117247994
119431438
108195615
109979696
111041473
111598381
110329438
117883047
115149923
117421642
110961985
113487022
114537471
110997999
112469525
118027942
125771925
112835312
112677793
118132317
115687292
118045772
126409363
115843551
119227443
114692174
121417322
111664576
113941342
114102993
115776866
109891709
115892174
114839616
121100299
117356422
119695718
116055063
122467748
113779910
112543700
110766020
115991256
119157344
115616956
110761323
112188577
117405624
115739451
120076135
118913609
112250600
111909353
115277828
114159820
110879124
116894761
111739007
113771346
108602612
123280915
114130104
112662403
112044323
114735674
110162792
109199486
119182505
113267927
115622347
120986866
124701237
116124540
117503104
113609897
113821659
114294603
116425813
117794792
109813180
112077073
117376779
110631544
110067459
111989343
117656087
114248134
108139961
110729944
117808592
