114949162
110747873
112189301
113019100
110391267
108214969
110908465
108393592
110661983
108571603
109874221
110134252
110596749
110923580
112774019
110681858
115020968
112014097
114500018
112995805
113040906
112217979
113923647
111914438
112789040
113930154
113822908
118355469
112855802
112866981
112301521
110572272
108182007
110439787
110438854
109253760
109763262
112179445
109158994
109112595
112922622
105910850
107227904
107419564
105420013
107486211
107859518
106221487
106655573
107712374
114039876
113737942
116302693
112979140
113163651
113485559
113007357
113021503
115571221
113867032
115725837
111930305
112241074
115316155
113422331
115423081
113905703
113722355
113548291
112604867
115911767
112793282
105883544
106712053
110209979
108816715
107820527
105981208
106938535
107060549
113343537
106701339
108298174
107935016
108419054
105905313
106160335
105041074
111236542
110035596
109917102
109251869
111128677
109553795
112427158
111368657
108519965
110441089
110528802
108685891
