9752596
9429425
8898990
9283586
9042021
9226592
9419689
9612197
9193814
9215365
9352927
9348783
9432690
9393688
9076954
8854282
9087956
9648423
9704662
9381517
9188240
9155019
8949876
9493811
9906664
10062633
8890821
9208872
9288050
10174748
10007845
9641163
8898037
9247822
9277105
9480115
9629346
9429738
9034076
9193284
9143609
10126763
9391157
9324165
9257127
9284924
9884830
9458692
9517425
9244441
9083543
8963720
9505410
9626812
9217346
9016338
9242204
9314134
10351183
9905887
9469272
8956773
9047907
9720654
9974884
9462905
9261320
9052947
9442333
9619221
9757032
9637945
9442559
9117835
9976902
9874676
9917985
8953211
9163037
8983092
9422048
9269451
9598587
9386068
9205247
9215794
10066423
9353171
9714297
10130194
9204873
9195815
10237838
9247570
9441414
9497187
9131831
9431112
9549429
9429958
