42661
42094
50246
45138
40158
38278
37294
43423
37751
41111
38726
43765
38177
40763
38107
38810
37791
42908
47482
38430
40004
42851
42129
37915
43187
32011
36029
32574
39947
39477
37679
35322
42972
38705
44270
48492
49582
40421
57540
39229
46517
39092
46228
40021
37554
44288
37778
42476
44255
43630
39625
38318
38470
40341
43467
43299
39151
47796
38654
39626
35482
36670
39261
39413
32646
33015
32818
36536
32202
32924
32386
35552
34343
34031
32891
33274
42983
36216
41419
38080
45258
40688
37686
38958
38489
38054
40607
37656
36548
38330
42370
38794
43977
41313
37911
37303
41718
37156
36806
37845
