129602
138080
128057
122958
127200
133788
105707
111178
110291
117479
112355
105924
122664
111610
130637
117053
115325
112037
115499
111158
114578
116299
105622
123481
111516
135192
110145
109693
109696
115241
132763
125174
121081
130308
190997
163684
135642
131333
130232
123685
134500
123471
132515
139482
118546
175932
127472
132555
131677
124806
141451
146297
162552
151719
139913
132815
128465
138800
151982
138870
122367
143165
145514
177027
143343
139736
134246
126507
130175
127336
122935
128489
129107
129387
136979
132287
124539
125736
137092
121672
149053
153258
173111
163083
154542
139701
135931
143413
133907
139423
137176
136252
136286
142165
148551
130832
125189
159396
161880
167670
