1672300
2159301
1592308
1621020
1678498
1690386
1662835
1652194
1674136
1537316
1627821
1608185
1719511
1680101
1727581
1646552
1735556
1776836
1588141
1611415
1652516
1597912
1606635
1613501
1680888
1722576
1764230
1740583
1759888
1685769
1608985
1602793
1684382
1576779
1828747
1670673
1621617
1663325
1706585
1711925
1721264
1645448
1683290
1745308
1708755
1851176
1712603
1590667
1726111
1712008
1713259
1736683
1706154
1686861
1667009
1649226
1752282
1825604
1745003
1726740
1544779
1710479
2114660
1673668
1707223
1652461
1698567
1846955
1699971
1617772
1706175
1541667
1594397
1556016
1793075
1697270
1752707
1662156
1595746
1628047
1700511
1681272
1637111
1575576
1680803
1695551
1774356
1620271
1654724
1747173
1640264
1905361
1784766
1525510
1639346
1539724
1603352
1745964
1669510
1627760
