1488446
1723852
1777153
1655850
1692208
1415839
1463577
1586431
1518852
1389875
1612560
1889649
1687692
1648670
1559361
1687589
1369968
1402838
1437651
1517513
1393781
1925156
1494459
1735423
1711946
1414956
1542786
1528824
1520526
1526810
1428750
1476675
1783493
1618267
1636066
1475851
1514085
2060459
1501998
1385018
1883946
1472619
1536898
1511963
1489819
1633762
1519142
1528501
1392546
1449694
1455000
1447060
1584841
1466066
1484179
1833606
1407460
1502851
1785558
1473367
1464418
1779338
1423101
1659095
1571547
1374537
1655206
1739189
1483793
1956982
1420555
1452104
1760391
1668162
1553306
1421976
1683388
1459026
1474692
1401464
1553145
1434862
1544621
1432252
1468682
1410835
1490229
1423349
1465065
1535659
1448105
1592328
1739292
1479895
1497830
1474889
1445823
1856134
1435073
1477656
