40529325
40260844
40706224
39872321
41006750
41258390
39793755
37683934
39381072
37746018
38680418
37590374
36969093
38982182
39202195
37252341
38435284
37880210
37581237
38033961
37696435
38488177
37449883
37375737
37995617
37055619
38591796
37228098
37495926
38045642
37685093
37733086
37643449
37648779
37111232
38289007
37317723
37211862
37171876
37467993
38278320
37867906
36850787
38879294
39298570
38814310
38610839
38669179
38857580
40812154
38050081
38104937
39518413
39135775
39097202
37689081
37810267
39544254
38030904
37412680
37696605
37905544
37172889
38822515
38176289
37260494
37930062
38916508
37693233
39534519
37625589
37466591
38654837
38824574
38132092
39094509
39292225
38111654
39699190
39188757
38777240
39446568
39999577
40834176
40345365
40747414
40035494
39043133
40013282
39134825
40132275
38748778
39459594
39417451
38831250
39677037
39323188
40002577
40026737
39805658
