64100
62198
69465
58717
68019
58559
66987
65332
64074
67717
67475
61941
69563
59996
71162
63387
67278
69408
71010
60547
68823
63245
61065
63830
71455
66442
60389
55010
65934
59720
60335
59130
63961
62395
59468
63191
65955
61781
63799
63607
65560
67909
63034
71183
71146
64559
60007
63694
67473
57640
64227
54445
59143
55996
57011
61058
58814
62606
65481
74373
64536
56762
65757
57903
60132
62921
59424
66139
58196
64682
61880
66307
64780
60112
60865
62030
57666
58473
55964
53829
72523
56069
63588
64194
58191
60110
60956
64037
58046
55660
56246
66205
59375
61589
66360
63799
72637
65196
71807
87530
