53422
69372
68671
46504
46882
51769
45241
47629
46306
44994
51588
52177
68592
68878
72934
84148
63684
55439
58462
58968
54823
60406
55864
56333
56288
60089
54425
53003
55920
57948
63387
69571
68680
58130
63017
60267
67375
64307
57856
56691
71120
68153
63493
70010
59359
72939
76951
65898
68347
76734
62460
65680
61198
66477
60798
64181
58251
58377
66428
58368
56667
61271
59442
61650
57607
59524
54290
59070
56549
56991
63017
57048
56977
55869
56897
55538
58366
54510
55610
54778
56524
56305
55815
63897
56235
57401
58136
57438
57543
63135
61206
57390
56811
57106
63818
63720
59761
58850
57639
57584
