17299
15655
17226
15560
15171
14583
13651
15137
16033
15944
17323
14952
17325
16545
16101
16843
18025
16524
17575
25867
20092
19773
18187
18389
16587
17557
16710
18822
18406
16806
16471
17120
16045
17091
16674
17370
17368
17431
18288
17010
16161
18390
15786
17679
17590
15736
17715
16979
17994
16862
17626
15330
13692
14028
14615
13502
18391
15352
14902
16791
14909
14143
13407
13751
13609
14740
15792
14584
17071
14026
15673
15217
14207
13212
18136
14275
14369
18539
15153
17774
14083
16840
19460
18996
17654
16917
16973
16010
15884
15624
21886
32790
16886
14714
16817
14049
15050
17115
17693
20655
