83294986
83446424
82527159
83024794
82563560
81878401
83940570
83767689
81240370
81275194
82621109
82475703
82009853
81613807
80930433
81518622
80990684
81568105
81415779
80769471
81311895
82194643
82538785
82188956
81129341
83713203
87298156
85802112
87437692
86912434
85777457
86162949
86704456
85346618
86814681
86584479
86139924
86087284
86559876
86660784
86163847
85295979
85291188
84859299
81863557
83440474
85654623
83301750
81838055
84679427
83684930
81873725
81767176
80656985
81681546
81135952
81937250
81151716
81508623
80273265
83136573
83421155
81494534
81285620
82333525
81100066
81495170
82254551
81569028
81777529
82209708
80524713
82027189
81753533
81228328
82375413
83062424
82060678
82346918
80261400
80052950
82493710
85738532
82759214
83210833
87399544
86196002
85420547
86227615
82218992
80526947
85652617
86000842
86865654
84934858
86036758
86057805
86239898
85487661
86170132
