1462716
1350274
2052696
1326827
1480625
1507823
1301750
1297194
1491186
1315459
1525414
1338424
1319169
1416251
1328400
1318313
1404337
1296757
1276516
1393735
1275474
1316647
1396799
1568907
1327581
1825820
1396168
1505740
1524969
1356418
1823326
1313899
1356326
1338191
1425045
1403338
1405588
1325186
1423475
1299571
1319019
1539262
1324024
1361951
1368978
1371270
1316701
1368384
1324951
1395463
1316492
1322349
1305545
1320931
1307729
1370250
1360863
1323777
1710091
1440557
1326083
2023250
1316389
1410364
1956673
1514187
1381098
1559492
1528490
1576530
1580567
1446319
1945661
1361966
1363746
1411339
1306603
1345556
1316566
1320872
1398994
1293022
1376961
1392851
1297315
1277779
1392647
1329685
1305852
1330802
1420290
1413589
2001717
1371455
1529144
1375394
1347985
1386225
1379145
1308676
