61937970
60628815
61453438
61126794
61118722
64336484
61765095
60677364
61700427
62577164
61629151
61228989
62179454
60982851
61435225
61650916
61804021
60552192
61562070
62342427
61564498
60741019
63313513
60758430
61331860
60135825
60287396
61084934
60969951
59535083
61151911
60359819
60155331
60232263
60099597
60630992
60716113
61837423
60397100
61454491
61118698
62055313
61047486
58835682
59135200
57718809
59882556
60608832
62742785
61637892
60049498
58782831
60384725
59657678
61241590
59788957
59266213
61163188
60792862
61411164
61724974
61675882
60059121
61962829
62602892
62245664
59563700
57568606
60103669
60895754
61388615
58257430
57630884
59295587
59565466
57995283
59794985
59773951
57552693
57405130
58652386
58347498
58074501
57736909
58975331
58887093
57813785
58009888
57821137
58798596
58688967
58327490
61029023
59248477
57683747
58174467
57443883
59504258
58310825
59702151
