122098
119722
118683
102079
101750
108586
100922
124425
96901
123668
115988
122036
127725
104947
124204
128891
123151
120441
123587
165863
151150
163278
115526
118842
119975
125759
118271
122763
119029
120389
122752
123212
117146
125737
120819
132887
121464
129765
116839
134063
119416
130704
120722
126089
120086
123031
120501
119610
117577
118890
124296
101372
107806
104165
100806
114975
108710
115418
100672
105765
101131
100873
121299
102939
115706
100032
121717
100991
108868
101501
101863
107953
108769
107514
118947
104495
100993
110927
101692
119002
104837
126767
133981
135203
119307
126198
118984
125909
114346
131343
130370
154543
106593
109837
98905
97404
101025
111417
111321
123200
