228157460
229370178
231507456
228769585
228877412
230133529
228972345
227834688
230034072
230709653
228230909
231960125
229318116
227420080
228966509
229135096
232198432
229353494
228914592
227287766
229215345
230162464
230999503
229839327
230105821
227286472
229795430
227865541
228328020
227672025
230332075
228039054
228404889
227715927
229377909
229365411
227186903
225029046
228282579
226789044
230603501
229661999
228315937
220782361
218551004
220222572
220207975
222436039
223900224
223281411
224376496
225264404
226194577
222821084
224855944
221885304
218906928
234108981
228049198
230974488
228270200
230137803
226957416
231011516
232039280
227719236
219380204
220331012
217602135
229124467
232384683
217167308
215415015
218036323
218877808
215947408
220398604
215754401
216374118
215080802
222542458
218927986
216034124
219178755
217035261
218867725
215237291
216734496
218828602
216803431
216643004
221326040
219944532
221017019
218217619
221240982
222182740
218356185
218962911
219125628
