5512761
4775050
6260980
5866499
5208843
5446443
5125919
5788198
5638096
5659785
5899367
4570773
6546198
5686874
5956819
4760771
5617515
5013303
5299519
5050838
5221604
6606127
5352529
5086800
5105966
5156608
6699188
7130788
4759571
6546132
5375252
5264697
4442559
5218093
5281616
5248404
4736486
5158345
5501460
5181707
5884797
5238704
4968890
4890283
5713063
5442444
5479120
5269761
4187763
5824124
4655652
6714945
6240274
8167525
5141757
6935535
4711653
4822990
5437805
6860122
5464095
5007550
5168799
5677403
5735547
4936402
4722354
5126533
6090532
5363994
5795366
4824820
4843848
5813465
5810111
5223744
5112665
5936112
5176595
5869154
4806428
5582973
5103262
6672781
5665170
5206199
5601513
5289173
5097247
5856244
4411745
5358546
4845387
6279761
6591644
4865012
6836289
5348368
6192710
5433156
