17797
17258
18388
15778
17128
17616
17694
19101
17126
17680
16693
27810
23520
24293
21354
27627
27280
27448
25294
26123
28256
36113
30798
31584
41940
30630
33583
26897
27101
24990
31750
24049
24531
28123
24405
21939
18609
18439
19515
17497
24350
28061
28816
28460
24991
28559
28265
30249
41163
33284
20267
18315
18319
18942
18968
17353
16890
19423
18546
22849
25654
28025
23320
23300
20077
24934
19058
26003
23759
18881
17878
25672
21230
25410
24609
22076
23401
21284
23175
24719
21650
26006
19829
18516
22429
19416
21140
22835
15297
15302
15716
16198
15172
22492
26606
26739
30498
28289
25108
22684
