19329371
20060286
19485483
18724639
19505971
19714482
18879617
20106669
19412928
18830173
20326710
20447887
19050639
20105676
19846820
19036293
19949548
19652805
18999801
20179032
19287635
18597588
19858757
19956078
19072088
19518979
20343115
19165659
20051916
19702784
19219001
19580944
19393487
19357424
19786163
19660200
18736631
19702996
19165946
19136171
19273107
19471824
18911847
19937408
20658312
18925475
20614976
18661280
18838681
20166210
18931964
19073478
20511883
19669091
18796231
19323992
18609966
18298006
19161718
20535387
18775881
19641644
20229888
18976297
20377254
19138011
18415154
18847943
18452062
18407143
18810576
19642408
20203497
19246424
20285233
19747366
20243758
19422518
19496585
20332553
19998458
19976248
20595385
19768507
20413651
20169675
20046152
20389297
19767973
20241600
20632273
20360913
20449889
19958935
19858750
20649110
20154923
19954570
20706064
19264198
