251379709
248658383
248935295
249532124
249076174
254969584
249269085
249503515
247971341
247452098
250039394
248344593
254344183
250107378
252894434
249500482
249674848
248111948
262389302
259481065
261106755
261830232
259024440
256062369
256254887
257545621
253067303
252256735
254331604
256849439
255544852
254828974
252642851
253866615
255701338
253804456
259327659
252876625
255336680
252890267
253801122
255930582
255471619
256379953
251009946
256389561
262289959
253618825
255946515
252180888
253930612
256180450
254436213
260142365
253881475
255619655
257845017
264136975
264128208
264826184
265783486
263410455
248682827
254205072
248880471
248590659
252771302
250893942
247651210
248041759
253893093
252079782
252381692
251586802
253130382
249693880
246583621
263775268
262654888
264496462
264810413
263088266
263505824
261506515
262049684
261426133
260171165
261591528
254124688
248696092
250908577
249600403
250425845
249995263
248886153
250394818
246897959
254521096
252911556
253698946
