57609
50029
51255
51434
50366
58334
57715
51774
50920
51052
57607
51633
49879
52612
61780
52591
51506
54795
51239
58253
50119
59115
58165
49568
58735
50328
49259
50080
54427
54712
47708
49214
49529
48767
50910
52017
50324
54728
50083
50613
256571
57151
50106
50250
47610
54367
48436
46880
49008
47953
54292
48476
47843
53342
54018
48562
55794
57732
50825
49749
47416
48273
56386
54403
49376
47775
47605
47647
51319
49688
50027
47565
49617
48605
46714
48720
48367
47915
47878
55041
54472
57438
48687
59888
48147
47120
49294
48682
51240
51104
58291
57825
57854
54908
58322
51742
55720
67879
64339
62037
