29322109
29941073
31274054
29460593
29438443
28717587
30233226
29740334
30469366
28928299
29656119
30809280
31259077
28420220
30647133
29201121
29585607
28801398
31214290
28358179
30347275
28853999
30305874
28668985
27266508
26798742
27653629
27696675
28300941
28355143
28461699
27101187
29613929
27939258
29314782
27426076
28710397
28082445
28475509
27088271
28115705
27679465
28246683
27326608
29517409
27477639
29804874
27994671
28343699
28055284
29508871
28002580
28227215
27675429
29205068
27633977
28025866
28774692
29140212
27289965
30952782
27816870
28554981
27786316
29607005
28023617
29728461
27452474
30331251
28103370
29243820
27856941
28517801
27128898
28729382
27865553
28367834
29572148
30313030
28696648
29767620
30353295
30278792
28671867
30538019
29642148
29456274
29361005
29972014
28747314
30310374
29898163
29784877
29096638
28115495
27546322
30265598
28216204
29672437
30095411
