221583065
218081970
221999674
219800447
222007140
222222260
223311417
219099641
219383790
221173953
221426817
221154684
221375420
225808409
226490904
226244998
227857852
228528118
230405172
230409284
221580030
221462940
218027357
221997236
221388880
221400838
223441365
220637957
218181782
225906135
219862064
219938548
219339534
220526563
218700772
219274722
234212055
234447339
237440456
233207287
236101221
245234497
239310099
230895943
225483255
234851753
233380526
236060412
222085112
221550549
226957323
222256183
220918299
221429200
232708248
221307621
235389602
232194891
227568531
229709664
226230882
228721438
228791769
227185387
219409622
220839413
221761291
222529317
220562504
220054148
219953337
220005013
220149883
222644453
226896866
236091647
219157466
235721505
217505950
218449586
222352256
218499829
221051386
222554011
221201779
223747216
226024646
236400766
228736598
223064639
219795166
222762548
232790463
233926150
234418306
235241089
233873340
234745692
233715042
232947722
