133061
123351
125386
126919
122934
120494
117072
117043
115501
124795
117131
138019
137981
137389
136197
159480
160207
161222
159065
169959
169576
163915
170042
185206
221081
221973
176000
206126
159231
160035
157945
159922
167178
164022
159171
127609
126399
129891
133407
125083
170939
182612
193044
180540
165408
181841
182315
210969
221900
217422
127379
140743
117878
126414
130623
120452
118493
118463
123957
129662
178080
164967
153631
149234
134995
157924
121095
142210
168855
122560
119226
118650
106652
150299
123856
148029
142936
127228
143272
161291
160108
162663
116012
123147
160022
133918
142345
151233
105862
106085
108375
108339
103910
132754
159259
173449
193232
188788
197420
120714
