207915947
207826007
207526885
200456547
212083512
194395361
196914237
198862057
209516269
208916188
207998744
208473978
209519492
207792828
210027313
208718742
206507148
207519757
207352420
207778542
207138922
207574759
209463785
207960495
207603275
211969044
209752423
207530969
206988882
207964856
207896140
207643997
210552094
205960625
213127267
207576798
205789895
209853396
206732792
207371172
205877104
205998025
207534283
210387745
206683604
206115804
204360491
205523506
205104688
194272312
198495760
200971688
202598629
203586895
203101513
204278272
200424673
202033514
201214743
204415780
201490147
202451050
196108627
195000862
217116846
209783294
211035685
207547846
215637259
208461411
208893535
208206088
196665929
207168918
209299463
208569824
207923524
198789675
195395920
195751215
199123019
204801764
195730061
193846416
195697637
195779024
198212724
194941154
197628960
195373069
199175724
197254993
196077062
198743203
201878528
198155685
196940413
200226033
199052453
197693166
