1504599
1547188
1479482
1715092
1860034
1583582
1758346
1428524
2005177
1488803
1520904
1464978
1491247
1483420
1670821
1702404
1645136
1858825
1879550
1676087
1468077
1478007
1536618
1549103
1751553
1720974
1504462
1575881
1934615
1447440
1689662
1383394
1711839
1629473
1460330
1436838
1668890
1365494
1590645
1669431
1881341
1589395
1701763
1604266
1581436
1676993
1567924
1469149
1383385
1609940
1596828
1491161
1598584
1640026
1435234
1536746
1412722
1414138
1628021
1454620
1613451
1716414
1428518
1936730
1642893
1492553
1657058
1635163
1445038
1839500
1432439
1697016
1469889
1394893
1465023
1468155
1467557
1592109
1652738
1459527
1609095
1424224
1600168
1409221
1739219
1403615
1443073
1443218
1427773
1452015
1434231
1489097
1552570
1665169
1755964
1551342
1463218
1636881
1849144
1445657
