24478
24791
26961
22694
23759
24105
26179
24649
23655
30054
28948
29621
26437
27536
30148
27900
28920
30741
51157
22363
27635
26969
28331
35534
39267
28001
29136
31362
28925
27682
27941
28916
31196
31223
27881
27951
29312
27462
28634
29090
30251
28137
31633
28714
31596
29093
28999
26654
28139
27990
28684
31312
23802
26437
30809
28220
32655
31906
29370
28026
29967
28713
28255
25562
28251
28697
31798
28536
28915
28174
30135
31139
30983
32122
27574
28159
30479
28850
30687
28728
29779
29641
28613
27332
29484
29392
28700
27617
28690
27060
31025
26226
30027
25582
26558
27271
30313
29702
29899
29463
