62523729
62716119
62455705
61763666
62070498
63291315
61099376
61550680
61272739
61989460
62166576
62020943
62003347
61870895
61667725
61841736
62003095
62177148
61371746
62914395
63051747
62510021
61857827
62773606
62018795
61762571
61508427
62268353
61475697
59643921
59032280
58913075
57927700
58292043
56779324
57592159
58630279
64275503
59941229
59410584
58318235
60230803
57452142
59911312
59666491
61943932
58794036
59342620
59615157
57002391
58649793
58477723
57729005
60147034
57999786
60729002
61787472
61002148
57052261
58353128
58288007
58153815
57001041
58482598
59638350
55589414
59598809
60551576
61610666
61627197
61351319
61884821
61795334
60626793
59295693
55685342
58926446
59928905
61295383
61795557
61222788
60260699
60215980
61243430
61587777
60538805
60628478
61064154
61829772
60019262
57305361
57335630
60818256
59448221
57431658
57842967
59154075
61953312
60267783
60111854
